# Ce fichier contient la modularité finale de xbest obtenue en fonction de la probabilité qu'un noeud ait un renforcement par voisinnage lors de l'initialisation (proba init) et la probabilité qu'un noeud soit nettoyé en fonction de sa variance de communauté lors de l'étape de nettoyage (proba clean) pour un f=0.9, cr=0.3, n=0.35, 200 individus et 200 générations

proba init 0.0 proba clean 0.0
0.010214514426925086
0.000869180707508032
0.0008620887518512056
0.0009076296571847104
0.0011612637804024812
0.0010091442621237452
0.0007454759008196215
0.0009120372197086223
0.001014348937019003
0.0009848557792792093
0.0010137979917035139
0.011019386921650724

proba_init: 0.0 proba_clean: 0.05
0.4819569277516806
0.4867410907043311
0.48421798388196585
0.48361124070048267
0.4813228483047565

proba_init: 0.0 proba_clean: 0.1
0.5324399180652882
0.529290386419212
0.529526249625445
0.5202434892271787
0.5229090564414405

proba_init: 0.0 proba_clean: 0.15
0.5534916206258077
0.5576799420808773
0.5488248910810417
0.5540395533254227
0.5490019789721288

proba_init: 0.0 proba_clean: 0.2
0.5640781051963732
0.5602787042450759
0.5575947096683471
0.5614492168734341
0.5624815360055306

proba_init: 0.0 proba_clean: 0.25
0.5565371877186271
0.56088344292339
0.5741603458586179
0.5581138408224268
0.5596821008018458

proba_init: 0.0 proba_clean: 0.3
0.5754153523983387
0.5721458201736528
0.5606019919228603
0.5666731045212894
0.5592063302163192

proba_init: 0.0 proba_clean: 0.35
0.5606653389119008
0.5702412256624889
0.5628266387733604
0.5592570289075849
0.5591617739792091

proba_init: 0.0 proba_clean: 0.4
0.5626647077395696
0.5631453899439726
0.560233221950946
0.5556786976946877
0.5721818426194931

proba_init: 0.0 proba_clean: 0.45
0.5521707350930433
0.5458474536514909
0.559612353469353
0.5573988310253296
0.5483806298786646

proba_init: 0.0 proba_clean: 0.5
0.5642146575789292
0.5570817561351453
0.55673749736865
0.5465068414162051
0.5481952074744008

proba init 0.05 proba clean 0.05
0.480913648324478
0.47075787404597663
0.4777919452779544
0.4727385927886041
0.47476160537587586
0.4763607886264068
0.4768973624747301
0.48015848985279463
0.47335766776736166
0.48054389368434036
0.5234970440377155
0.48107673986010346
0.5021980021972637
0.4748173797973886
0.47871562268273277
0.47228579779495744
0.48861879439520284
0.4759402884060404
0.4766393090667476

proba_init: 0.05 proba_clean: 0.1
0.5254910558013592
0.5295007771962843
0.5315495787132173
0.5265029899567827
0.535912831167075

proba_init: 0.05 proba_clean: 0.15
0.5468641353144201
0.5418760874283164
0.5596621261035992
0.5427380824022416
0.5450630130224013

proba_init: 0.05 proba_clean: 0.2
0.5619671171922345
0.5689461993928301
0.5615663103363366
0.5585286909227493
0.5589680053395275

proba_init: 0.05 proba_clean: 0.25
0.5613186897226262
0.5646971801751307
0.5683636274717839
0.5678916197255397
0.5657261701908528

proba_init: 0.05 proba_clean: 0.3
0.5656212678583356
0.5724457805923346
0.5637947903595636
0.5684186516698883
0.5675193565258805

proba_init: 0.05 proba_clean: 0.35
0.5545218883657722
0.5663823343393595
0.5596313903883393
0.5587801564314273
0.558959799770999

proba_init: 0.05 proba_clean: 0.4
0.5528470146066856
0.5565573499727259
0.5683923117949116
0.5523270511735123
0.5597259185377883

proba_init: 0.05 proba_clean: 0.45
0.5568930163367477
0.5526077402283929
0.5717516949949853
0.555537057859644
0.5546071090560617

proba_init: 0.05 proba_clean: 0.50
0.5595606349431417
0.5528918404553331
0.5475842677307273
0.5463805577165506
0.5566304615883153

proba_init: 0.1 proba_clean: 0.05
0.47676755038060825
0.4746969806625931
0.48571443341451925
0.4770672880767158
0.47493837676646256

proba init 0.1 proba clean 0.1
0.5172388093101131
0.5234086935091444
0.5255325290891507
0.5220933174295349
0.531087429371448
0.5268359836499124
0.5145608985763361
0.509051363365761
0.5169078552868748
0.5235301828123301
0.5335051298049436
0.5323682013963487
0.5325473992907717
0.5299766532819777
0.5259493368036793
0.5230540371150993
0.5271633623897204
0.5241925949151592
0.5223975212993701
0.5255495966716901
0.5418474734386333
0.5184995831922855
0.5440266379950036
0.5360797675976682
0.5307926970721429
0.5237182544430047
0.5287573995765599

proba_init: 0.1 proba_clean: 0.15
0.5452187547130735
0.5515851271116415
0.5528848305553615
0.5461856989084789
0.5469777121050962

proba_init: 0.1 proba_clean: 0.2
0.5592588692993835
0.5588834410947203
0.5617250177539197
0.5598086541130377
0.5554645675228146

proba_init: 0.1 proba_clean: 0.25
0.5626611207338985
0.5648032078427605
0.5693958645481951
0.5588868288222986
0.5625042302636325

proba_init: 0.1 proba_clean: 0.3
0.5568777657015254
0.5609044140121008
0.5594558498330319
0.5626739683097661
0.5659486348759029

proba_init: 0.1 proba_clean: 0.35
0.572442416309238
0.5632192869496927
0.5632382887019567
0.5642053735642512
0.5705322420114746

proba_init: 0.1 proba_clean: 0.4
0.5689992190877654
0.5567694287524668
0.5610204641955762
0.5623027718340156
0.5696786987731338

proba_init: 0.1 proba_clean: 0.45
0.5528061157086912
0.5643461342312381
0.5547445406066742
0.5585799522815712
0.5558826412393447

proba_init: 0.15 proba_clean: 0.05
0.4874604494527483
0.4906751919241451
0.47825224250568427
0.4785632804418797
0.488818131099243

proba_init: 0.15 proba_clean: 0.1
0.5275406661529043
0.5299022522199052
0.5275629970215427
0.5320001113143982
0.5256181835023481

proba init 0.15 proba clean 0.15
0.5612141742240538
0.5576597798267786
0.5459501873694684
0.555354941127273
0.5541066045425418
0.5499802468521037
0.551829488942422
0.5487175856891696
0.5516021009162548
0.5501235629675753
0.5184347943676321
0.5512229215945501
0.5475060452181686
0.5462203498521508
0.5477389661419722
0.5521548162900979

proba_init: 0.15 proba_clean: 0.2
0.5612465744975009
0.5583038114561037
0.5587858299959527
0.5621022277391776
0.5663930601896504

proba_init: 0.15 proba_clean: 0.25
0.5695684862655546
0.5588082780869987
0.5652903372795788
0.5584637848756884
0.5628639154989615

proba_init: 0.15 proba_clean: 0.3
0.5664519410049632
0.567834122134636
0.5576310017257248
0.5709578531288102
0.5593555660633722

proba_init: 0.15 proba_clean: 0.35
0.5570205660384038
0.5630231386951378
0.5630499591819854
0.5577635919909055
0.5570627895496036
0.5621232808835738

proba_init: 0.15 proba_clean: 0.4
0.5574992202951562
0.5608400237436331
0.556384177310051
0.5580431322661921
0.5498670686176133

proba_init: 0.15 proba_clean: 0.45
0.554278370536326
0.5592219559632458
0.5682962245874422
0.5477873438295683
0.5586150252259104

proba_init: 0.15 proba_clean: 0.5
0.5551263925992712
0.5518145782521816
0.5450503061134229
0.5461501687967502
0.5556829059791188

proba_init: 0.2 proba_clean: 0.05
0.473314518199142
0.4811887575927592
0.48254536079310406
0.47632634868306795
0.47585722460804974
0.483546533931514
0.4776345038623726

proba_init: 0.2 proba_clean: 0.1
0.5262101801049635
0.527736802685219
0.5294196475680205
0.5319686839869355
0.5247675356574752
0.528803772760989
0.5342293181165547
0.5227004240004827
0.5325891890790654
0.5291268728829215

proba_init: 0.2 proba_clean: 0.15
0.5509031388667529
0.5596270648815022
0.5438468891552665
0.5471678468501454
0.5483359564191485
0.5451555483909233
0.5583367157859045
0.5460413277913408
0.5422392072801887
0.5496131414383777

proba init 0.2 proba clean 0.2
0.5718917757720086
0.5580261232948565
0.568308392273346
0.5658515395557284
0.5596896850916143
0.5581220698354369
0.5601090834213498
0.565071647156052
0.5580277057973584
0.5581695566327357
0.5047614218055857
0.5682958963647017
0.5569938276072421
0.5597288373757368
0.5653596157224423
0.561016701356295
0.5570562719837452
0.5610654893223175
0.5609811478000852
0.5612030029286152
0.5567983709648925

proba_init: 0.2 proba_clean: 0.25
0.564854328534694
0.5603786129030325
0.5649424563406906
0.5756626447893087
0.5741858300100203
0.5695880624076165

proba_init: 0.2 proba_clean: 0.3
0.568089608371893
0.5615874689808995
0.562788365657295
0.5742233997916395
0.5657977579151442

proba_init: 0.2 proba_clean: 0.35
0.5763708087978042
0.5712799099713154
0.5790719764572392
0.566035590457824
0.5654049807941636

proba_init: 0.2 proba_clean: 0.4
0.5579474436149083
0.5586914894023559
0.5533644577580966
0.556696434359285
0.5620260331742696

proba_init: 0.2 proba_clean: 0.45
0.5561037930334302
0.5576510115906937
0.5573798527175471
0.5539483074033851
0.55668207461436

proba_init: 0.2 proba_clean: 0.5
0.5516241504511151
0.5500517056317465
0.5434505133063726
0.5559566437452316
0.5540574180203334

proba_init: 0.25 proba_clean: 0.05
0.4841985952957571
0.48261774562976706
0.4796582432285713
0.48177300579423304
0.4798530785921612
0.4795395555409262
0.4868195359394638
0.48010367665502346
0.4845973976484857
0.4862303526746322
0.46042415615281307
0.4888257740002154

proba_init: 0.25 proba_clean: 0.1
0.5272019168395653
0.5376927596478104
0.539520573482028
0.540798028112795
0.5290399290232405
0.5280681787091258
0.5261213137977988
0.5250747638654252
0.5251412875817103
0.5246188038667748

proba_init: 0.25 proba_clean: 0.15
0.5519492199094959
0.5629628512109363
0.5522504463301801
0.5607523648272686
0.5475469558384062
0.5506530331380027
0.5516024994724419
0.5497258742277196
0.5691845242696234
0.5481135737897833

proba init 0.25 proba clean 0.25
0.5646579458353235
0.5896039526082935
0.567908019140356
0.5608595295522496
0.5657686515913493
0.5628458749704395
0.5638984970235238
0.5601824646484767
0.5716107584943869
0.5623813929027599

proba_init: 0.25 proba_clean: 0.3
0.5661860571401569
0.5757644055613036
0.5661431302945117
0.5710764822052524
0.5631710616512263

proba_init: 0.25 proba_clean: 0.35
0.5656080217262827
0.5644142170055447
0.563371758135195
0.5678766504240959
0.5687195264233493

proba_init: 0.25 proba_clean: 0.4
0.5517375396859394
0.560816356539549
0.5665486612134336
0.5558361625547517
0.5639127512682826

proba_init: 0.25 proba_clean: 0.45
0.5523751826940533
0.5563834856978469
0.546691279152246
0.5585309884819374
0.5531807233565018

proba_init: 0.3 proba_clean: 0.05
0.47489965820524854
0.4936970449239169
0.4827272665251417
0.48912317897041263
0.48865902512547427

proba_init: 0.3 proba_clean: 0.1
0.5281909574587926
0.5301424174884953
0.5267220200252914
0.5286615468139055
0.5273486441270953

proba_init: 0.3 proba_clean: 0.15
0.5475105700031
0.5555810514291978
0.551153385262391
0.547310225186355
0.5597213351416531

proba_init: 0.3 proba_clean: 0.2
0.5533672476513963
0.5597959003150962
0.5711100078138113
0.5585247991388186
0.5688520463550854

proba_init: 0.3 proba_clean: 0.25
0.5640749988025731
0.5710826129371666
0.5618543844028928
0.5725515620929086
0.5683300315297799
0.5587132107144755
0.5667973485510538
0.5720540701952631
0.5635866736971985
0.5648319156103706

proba init 0.3 proba clean 0.3
0.5631473710026602
0.5661204477586501
0.5729853084453282
0.5655851868012914
0.5702963201940378
0.5655508875248421
0.5671020095882772
0.5827753722567525
0.5687478356347726
0.561126105029261
0.5684869571667682
0.5706144149191678
0.5618383014885768
0.565436501899554
0.5591304169851893
0.5730527699408738
0.562271438284478
0.5671346677510215
0.5699167071494257
0.5612015259262799

proba_init: 0.3 proba_clean: 0.35
0.5719209758737295
0.5655767116212255
0.5603009296135475
0.5699710397353249
0.561271507703587
0.5799055332750931
0.5663568150212364
0.5599850152251987
0.5746522696919054
0.5673158701486134

proba_init: 0.3 proba_clean: 0.4
0.559739715615157
0.5587127066581226
0.5639116376554102
0.5552230424742969
0.5632407386502745
0.564363916870464
0.5674654224961669
0.5685220066666261
0.5689084654998399
0.5749641750739171

proba_init: 0.3 proba_clean: 0.45
0.5617804405082097
0.5577558084230442
0.5567243919034858
0.5657450781651908
0.5625000219792013
0.5551271076559575
0.5575755203602317
0.5713261893778168
0.550038389166249
0.5587225767848387

proba_init: 0.35 proba_clean: 0.05
0.48868150838324254
0.5036382553076372
0.5006259090451178
0.49964452304910206
0.5058540635886078

proba_init: 0.35 proba_clean: 0.1
0.5371746366064338
0.5325221730286667
0.5329704666818633
0.5217439243215888
0.527515744669059

proba_init: 0.35 proba_clean: 0.15
0.5510986072313425
0.545172920751721
0.5480781374559798
0.5583968508809768
0.5519711522219471

proba_init: 0.35 proba_clean: 0.2
0.5571795899564873
0.5540267409162773
0.559143252838816
0.5622296602184261
0.5620135020989023

proba_init: 0.35 proba_clean: 0.25
0.5627399059140135
0.5651073413791512
0.5682720884937275
0.5659174888822166
0.5651264251871004
0.5655246531500331
0.5718672059553868
0.5733811567933875
0.5578516494634587
0.56126704152986

proba_init: 0.35 proba_clean: 0.3
0.5941105328998636
0.561488087823778
0.5640392694127516
0.5775244413994751
0.5695331788764002
0.5688720562200553
0.5718133422591171
0.5671367543098759
0.5734900798544836
0.5664563134007653

proba init 0.35 proba clean 0.35
0.5715365098214442
0.5598406558302991
0.5615956628271873
0.5593199070069952
0.5629976310992547
0.5576899411522415
0.5660384272400868
0.5624726974360013
0.559278421996963
0.565690124300531
0.5709796682188555
0.571279546581852
0.5629896130865782
0.559966681640657
0.5597623629842958
0.5641228607115766
0.5632616276833005
0.5727548140253613
0.5661089951294331
0.5646901937196414

proba_init: 0.35 proba_clean: 0.4
0.5695445963388958
0.5628342347853696
0.5591934474737293
0.5673173237064666
0.5775006335285016
0.561482648704068
0.565977553643846
0.554222666448258
0.5610792277884821
0.5597207490296159

proba_init: 0.35 proba_clean: 0.45
0.5566773505513356
0.5630400656107882
0.5580297220227683
0.5593119124388002
0.5647207067123262
0.5635078299058792
0.5621262934994483
0.563804683930761
0.5526082091180236
0.5556926237167051


proba_init: 0.4 proba_clean: 0.05
0.5050443029194873
0.4945770452596419
0.49306623598216354
0.5054344777030204
0.48752420672021524

proba_init: 0.4 proba_clean: 0.1
0.5296993050657124
0.5373496262164257
0.5362984225544727
0.5305587680356345
0.5255295047510359

proba_init: 0.4 proba_clean: 0.15
0.5489608339070784
0.5495464887774432
0.5518354438407256
0.5464933491170961
0.5474130761267401

proba_init: 0.4 proba_clean: 0.2
0.5548911506717981
0.551017501047558
0.569305028904584
0.5569512641510598
0.562764100618932

proba_init: 0.4 proba_clean: 0.25
0.5614880526570557
0.5674727957856013
0.5660767355228744
0.5596585273756873
0.5632298252441315

proba_init: 0.4 proba_clean: 0.3
0.5621160248165463
0.562303803391202
0.5613105427653015
0.5621980453351096
0.5630062235017282

proba_init: 0.4 proba_clean: 0.35
0.5652394275879794
0.5608049390770531
0.5640197049929314
0.5627397300804021
0.565438412624797

proba init 0.4 proba clean 0.4
0.5715365098214442
0.5598406558302991
0.5615956628271873
0.5593199070069952
0.5629976310992547
0.5576899411522415
0.5660384272400868
0.5624726974360013
0.559278421996963
0.565690124300531
0.5645719749216257
0.5657093018864062
0.5702971876398536
0.5552116601785236
0.5660282523351113

proba_init: 0.4 proba_clean: 0.45
0.5611690435971468
0.5500762285594062
0.5578408298352409
0.5554623989082749
0.5568450254830964

proba_init: 0.45 proba_clean: 0.05
0.49618695436046373
0.5087637933555573
0.5083480406426967
0.5118243180275801
0.5176806674531352

proba_init: 0.45 proba_clean: 0.1
0.5327586809581413
0.5379873747247061
0.5244050253621229
0.5368001227365496
0.5223029228164765

proba_init: 0.45 proba_clean: 0.15
0.5572496772339619
0.5405923965654679
0.5446687120101226
0.5512944038186747
0.5457424809855291

proba_init: 0.45 proba_clean: 0.2
0.5671932086213517
0.5625774239349073
0.5595456539194567
0.5771871456439883
0.563650079297442

proba_init: 0.45 proba_clean: 0.25
0.5621636053917712
0.5626146889382677
0.5632326854708757
0.5685846972101841
0.5644879498998933

proba_init: 0.45 proba_clean: 0.3
0.5697698860839677
0.5680136365295594
0.569740674260006
0.5618529191227984
0.5571259255383105

proba_init: 0.45 proba_clean: 0.35
0.5642948494279347
0.5714599753115543
0.5704474784885746
0.56859379366901
0.5675664213225121

proba_init: 0.45 proba_clean: 0.4
0.5639380126971092
0.556752431503372
0.5674184631997015
0.563555457370067
0.565386436209289

proba init 0.45 proba clean 0.45
0.5554377353137262
0.5544505233640552
0.5655788333468021
0.5569428358599569
0.5635216738722109
0.5589693416749736
0.5548506972189523
0.5635662652760431
0.5585897286303609
0.5593283587425796
0.5642418062885179
0.5576374255136586
0.5550528238162923
0.558723983453729
0.5599814633862491

proba_init: 0.5 proba_clean: 0.1
0.5338322623776958
0.5325703397159293
0.530026660361039
0.5253310237705708
0.5354077080906976

proba_init: 0.5 proba_clean: 0.15
0.547144519591041
0.5435513714658294
0.5441488306326345
0.5483465416025489
0.5495466646110545

proba_init: 0.5 proba_clean: 0.2
0.5719689432828994
0.5634865892056309
0.5648160085296651
0.5657685460911824
0.5728207750740898

proba_init: 0.5 proba_clean: 0.25
0.5638168867833869
0.5598427775558757
0.5715394521038738
0.565373846522718
0.5599431902701838

proba_init: 0.5 proba_clean: 0.3
0.5670471846682656
0.5756159433821398
0.5661533755329311
0.5628863518677667
0.569284210205003

proba_init: 0.5 proba_clean: 0.35
0.5618633519170705
0.5713566672037798
0.5644533341229434
0.5572866960702665
0.5635951019883007

proba_init: 0.5 proba_clean: 0.4
0.5677530393953331
0.5524164918704737
0.5619946996247313
0.5604492980147846
0.5669457872857342

proba_init: 0.5 proba_clean: 0.45
0.555553234551886
0.5555858575479075
0.5545260732057217
0.563384441599691
0.5556755092452024

proba init 0.5 proba clean 0.5
0.5542611153979345
0.5576191153735992
0.556910037030324
0.5732300453878129
0.5541722022018073
0.5559106222280271
0.5544846936958563
0.554268125297906
0.5572065745547055
0.553197111049077

proba_init: 0.55 proba_clean: 0.05
0.5183470182288581
0.5113374113133362
0.5028744927112396
0.523123550002777
0.4962911533585357

proba_init: 0.55 proba_clean: 0.1
0.526455303881391
0.5299160961862369
0.5305074246211272
0.5307648215836274
0.5388414220193993

proba_init: 0.55 proba_clean: 0.15
0.5497388507482341
0.5598595286379148
0.546044258351528
0.5488012590436794
0.5456295840848169

proba_init: 0.55 proba_clean: 0.2
0.5717526562187273
0.5607720933584573
0.5723872631664852
0.5656397421097656
0.5571248588144018

proba_init: 0.55 proba_clean: 0.25
0.5614309770668192
0.5658610931819439
0.5653402623029546
0.5625309804170355
0.561345838432215
proba_init: 0.55 proba_clean: 0.3
0.566535801915325

proba init 0.55 proba clean 0.55
0.5533129619544596
0.5528912777877768
0.5607374893037483
0.5577809174627416
0.5488970883618522
0.5589719674569028
0.5595216584926309
0.552708961777313
0.5520014424920584
0.5563688094524211

proba init 0.6 proba clean 0.6
0.564259084871391
0.5449948130256883
0.539024511697753
0.5537791906360114
0.5588244313347592
0.5522745003682072
0.549389891363196
0.5501855384544474
0.5440381375131843
0.5476248149614991

proba init 0.65 proba clean 0.65
0.540079923644137
0.539977119592715
0.539026422422996
0.5393075452007845
0.5532516546353105
0.5419635939555532
0.5370806359578187
0.5531476900820536
0.5478398477459103
0.5518258316033063

proba init 0.7 proba clean 0.7
0.5521499398379438
0.5448142319068562
0.5375320242825748
0.5397999027569795
0.5367277496221277
0.5416928805275553
0.5455875129627469
0.5506382982813718
0.5328803226504567
0.5541978621868201

proba init 0.75 proba clean 0.75
0.5317600749904563
0.5351540739674798
0.5388657105022439
0.5453978002183666
0.5429921385261266
0.5373938776752761
0.5379648094112526
0.545881143371421
0.5369764017930245
0.5391731731550089

proba init 0.8 proba clean 0.8
0.5332378158267645
0.5349648887239336
0.5359273433011298
0.5435432010640231
0.5307278027473228
0.5307578820171003
0.5350094566832844
0.5369534848123484
0.5302381530287421
0.5427000671754728

proba init 0.85 proba clean 0.85
0.5657262874132604
0.5394913382135835
0.5295264254590564
0.542014573980597
0.5409723143883401
0.526114092897492
0.5304350983956684
0.53020613958924
0.5352103641675857
0.5320724727065793

proba init 0.9 proba clean 0.9
0.5264091299750567
0.5413074766960095
0.5263430282594388
0.5347567837838085
0.5253554294758229
0.53557851286074
0.5315113876528372
0.5263856268823427
0.5235370403231718
0.530254189054095

proba init 0.95 proba clean 0.95
0.527501291146208
0.5204233670115654
0.5200979927749266
0.5317373221211508
0.5370557027517328
0.5427104530807818
0.5306485721220592
0.5213272455517085
0.5258679610083574
0.5182816198476854

proba init 1.0 proba clean 1.0
0.521596692977705
0.5231014184122313
0.5063046782454741
0.5222202692969125
0.5178153091104482
0.5245733684616066
0.5178606741821703
0.49666592511771646
0.5151104723896568
0.5022957891296426