
proba_init: 0.0 proba_clean: 0.0
0.002661118976264288
0.0024821509084451726
0.002880129470832856
0.0029141295673183205
0.0027083546533280146

proba_init: 0.0 proba_clean: 0.05
0.5848929658739737
0.5873574213866457
0.5863614439481315
0.5971651784151466
0.5803275537645108

proba_init: 0.0 proba_clean: 0.1
0.6553588611876286
0.6547494490210034
0.6591977070603479
0.6580429506098965
0.6619381915650796

proba_init: 0.0 proba_clean: 0.15
0.6878659266378623
0.6842786047511322
0.6904439875504977
0.6830692755082967
0.6909222907413949

proba_init: 0.0 proba_clean: 0.2
0.7013534627971327
0.7022381846307862
0.7052453948571713
0.7046414495607849
0.7022136316697135

proba_init: 0.0 proba_clean: 0.25
0.7124069469150595
0.7184474548889693
0.7125158527248177
0.7129350753531334
0.7167739212258526

proba_init: 0.0 proba_clean: 0.3
0.726899907648257
0.7265454722277717
0.7261871044971145
0.729672330184384
0.725659167879049

proba_init: 0.0 proba_clean: 0.35
0.7286598562251492
0.7323553645966059
0.7294163463832002
0.728399268743764
0.7340435724903637

proba_init: 0.0 proba_clean: 0.4
0.7317715604010995
0.7370636346573102
0.7315729307824214
0.7369660941830487
0.7368819331543717

proba_init: 0.0 proba_clean: 0.45
0.7407925676652273
0.7355413990258037
0.7355009729590375
0.7456099353556981
0.7367855436001604

proba_init: 0.0 proba_clean: 0.5
0.7365293679789681
0.7347417973208691
0.7391463683533048
0.7343439146684857
0.740702699991301

proba_init: 0.05 proba_clean: 0.0
0.38044592589168247
0.3643633047940328
0.35524451728063294
0.3735363294148022
0.3507290263283512

proba_init: 0.05 proba_clean: 0.05
0.5800261565763428
0.5849564103417455
0.588614513811568
0.5794798531924747
0.5949906588451419

proba_init: 0.05 proba_clean: 0.1
0.6618733084472448
0.648883545209722
0.659318793440638
0.6555469407058458
0.6542283220132354

proba_init: 0.05 proba_clean: 0.15
0.6940778737442622
0.6832141955246283
0.6807522816270671
0.6862854256788102
0.6903111521946942

proba_init: 0.05 proba_clean: 0.2
0.7023834882871346
0.7023562498459446
0.7064243685836806
0.7016764397362436
0.7022089800345104

proba_init: 0.05 proba_clean: 0.25
0.7216876305155325
0.7195656696278241
0.7166618503859562
0.7162648309236105
0.7193236407322499

proba_init: 0.05 proba_clean: 0.3
0.7274652491679567
0.7256282369026977
0.7282056744003059
0.7263834802306942
0.725024147741305

proba_init: 0.05 proba_clean: 0.35
0.7294503464796857
0.7300284440299427
0.7273382163674067
0.7323893646930913
0.7383436975282361

proba_init: 0.05 proba_clean: 0.4
0.7329602689930341
0.7406390637035206
0.7335563496690769



proba_init: 0.05 proba_clean: 0.4
0.7355567925814762
0.7422374998333564
0.7338278229359376
0.7356318901147573
0.7401163062256814

proba_init: 0.05 proba_clean: 0.45
0.7348557384058473
0.7375123496119146
0.7396066404634142
0.7406806886453393
0.74324124598221

proba_init: 0.05 proba_clean: 0.5
0.7503007018406377
0.7324148287992038
0.735990545575427
0.7444593989454311
0.737433943183489

proba_init: 0.1 proba_clean: 0.0
0.44727539339646194
0.4593786125102516
0.46534277612082586
0.46360829165004624
0.4550528315462582

proba_init: 0.1 proba_clean: 0.05
0.590815840227744
0.5836905421514398
0.592066170997371
0.5848780998233242
0.5865504346113884

proba_init: 0.1 proba_clean: 0.1
0.6624454595772421
0.6571106574141646
0.6544446470276866
0.6578266255954452
0.6531611313966098

proba_init: 0.1 proba_clean: 0.15
0.6843349039235919
0.6810614954805767
0.6891246495328559
0.6829761468942278
0.6860362994429259

proba_init: 0.1 proba_clean: 0.2
0.7021626075474844
0.7024927777369094
0.7024231950288694
0.7104265012385338
0.7051700575488798

proba_init: 0.1 proba_clean: 0.25
0.7145648260993372
0.72418905933482
0.7150137808289521
0.7134551473508554
0.7121028642467742

proba_init: 0.1 proba_clean: 0.3
0.7268375181905311
0.722190822352517
0.7187389733467058
0.7272590426589476
0.7238709258509207

proba_init: 0.1 proba_clean: 0.35
0.7314213450207986
0.732352391386476
0.7262016348627495
0.743896407220834
0.7289830729392704

proba_init: 0.1 proba_clean: 0.4
0.7322372993814477
0.741238932824729
0.7371191185947342
0.7413233815834185
0.7360665542537478

proba_init: 0.1 proba_clean: 0.45
0.742354270263458
0.7418372194308681
0.7363682871269305
0.737437491853644
0.7390460464889218

proba_init: 0.1 proba_clean: 0.5
0.741694553299635
0.7373986962569491
0.7372090342236627
0.7425677179777835
0.7353990206245832

proba_init: 0.15 proba_clean: 0.0
0.5219048858570244
0.5258510070694304
0.5305510288697745
0.5674070375500134
0.5199978113337044

proba_init: 0.15 proba_clean: 0.05
0.6004894671153849
0.5923113649230836
0.5969634317213324
0.5867036987980846
0.5871961966696019

proba_init: 0.15 proba_clean: 0.1
0.665892081487825
0.6501422681047156
0.6566715814149814
0.6582275294129607
0.6522645646774389

proba_init: 0.15 proba_clean: 0.15
0.6804696348447183
0.6835423995589675
0.6867780674153338
0.6870428749369032
0.6867471843939845

proba_init: 0.15 proba_clean: 0.2
0.7044339003117172
0.7013789748582474
0.7032236119688395
0.7094555563111132
0.70522659649635

proba_init: 0.15 proba_clean: 0.25
0.7116925132938459
0.7204206593601786
0.7277209931941302
0.7174378582298601
0.7138346152824343

proba_init: 0.15 proba_clean: 0.3
0.7264980926857016
0.7304548119535708
0.7278958371317691
0.7340158544991526
0.7320403002328407

proba_init: 0.15 proba_clean: 0.35
0.7292742557119922
0.7397232190735074
0.7411456603456539
0.7340468334305061
0.7415842567948162

proba_init: 0.15 proba_clean: 0.4
0.736245090726548
0.7369680123831325
0.7347433318809362
0.7369105143356204
0.7349461815397986

proba_init: 0.15 proba_clean: 0.45
0.7432602841180418
0.7473606286171859
0.7414603410694023
0.7383004421163463
0.7425340535663127

proba_init: 0.15 proba_clean: 0.5
0.7428861871466975
0.7469398714288029
0.7408362067171339
0.740997047794161
0.737584617800072

proba_init: 0.2 proba_clean: 0.0
0.5607580765095204
0.5895081552756113
0.5957740517593683
0.5840869861537604
0.5762951135483335

proba_init: 0.2 proba_clean: 0.05
0.5786575687715492
0.5840259873910953
0.5790081677918668
0.5804820647812614
0.5830741285545087

proba_init: 0.2 proba_clean: 0.1
0.6621981556314374
0.6493522574002001
0.655582811047413
0.6580466431450579
0.6756634406697357

proba_init: 0.2 proba_clean: 0.15
0.6833697615514248
0.6840753234972509
0.6818003381978568
0.6887856556230453
0.6910812136183382

proba_init: 0.2 proba_clean: 0.2
0.7047839238720096
0.7063682132762272
0.7068551483675014
0.7094794858571587
0.7076797346285276

proba_init: 0.2 proba_clean: 0.25
0.7169738935845894
0.7184867779906873
0.724516112449109
0.7194051642358116
0.7185010685813117

proba_init: 0.2 proba_clean: 0.3
0.7268385732005773
0.7198945929871948
0.721424261644026
0.7278374279392172
0.7256806996749897

proba_init: 0.2 proba_clean: 0.35
0.7363435423458493
0.7405930748565115
0.7310958744215788
0.7317876253268013
0.7288495662134375

proba_init: 0.2 proba_clean: 0.4
0.7376659494836254
0.739276997779012
0.7358805368006207
0.7424230856914645
0.7339558627915316

proba_init: 0.2 proba_clean: 0.45
0.7318996961666977
0.7441946873338658
0.7365359857692573
0.7357812699462837
0.7400409209623878

proba_init: 0.2 proba_clean: 0.5
0.7398301107731775
0.7449330984561271
0.7383594267689233
0.7474225864798928
0.7454193142223698


proba_init: 0.25 proba_clean: 0.0
0.5974203469812949
0.5911778525385601
0.5953099912040929
0.602744838818922
0.6080305830148559

proba_init: 0.25 proba_clean: 0.05
0.5862483660531912
0.5967321927012293
0.6148799959641065
0.5950395729472783
0.5926842630193748

proba_init: 0.25 proba_clean: 0.1
0.6593425791216772
0.6489963833296518
0.657695900259734
0.6504532083383003
0.6552901896246275

proba_init: 0.25 proba_clean: 0.15
0.6813306189523343
0.6846920727791965
0.6860889060802232
0.6823113467001826
0.680899215753486

proba_init: 0.25 proba_clean: 0.2
0.7007822228121747
0.7051149572514726
0.704435051231767
0.7049207394929866
0.7043858973546199

proba_init: 0.25 proba_clean: 0.25
0.7132804952332246
0.716870071005053
0.710886101978614
0.7195133027655359
0.7150597217209592

proba_init: 0.25 proba_clean: 0.3
0.7256365810730618
0.7256200365973394
0.7242831470489304
0.7226154638960698
0.7290237387810473

proba_init: 0.25 proba_clean: 0.35
0.731288557619997
0.7306774670282982
0.7293846960818173
0.7297195179064456
0.7343020499516565

proba_init: 0.25 proba_clean: 0.4
0.7373331897240866
0.7387101216992448
0.7357608890703929
0.7388267003093384
0.7366734248052624

proba_init: 0.25 proba_clean: 0.45
0.7394622479521051
0.7402227663303325
0.7372944900373959
0.7463893959597524
0.7390953442310755

proba_init: 0.25 proba_clean: 0.5
0.7392834717042945
0.7422970599459584
0.745022294760024
0.7364786795417536
0.739998768515546

proba_init: 0.3 proba_clean: 0.0
0.6320116806875897
0.6177780126507209
0.6075080653120273
0.6216062604679771
0.6408013050666088

proba_init: 0.3 proba_clean: 0.05
0.650701375474142
0.6339494943672532
0.6059634826495437
0.6156640122933609
0.6272156529730517

proba_init: 0.3 proba_clean: 0.1
0.6583140402367399
0.6501089873332615
0.656124127111063
0.6609697882527695
0.653836769421128

proba_init: 0.3 proba_clean: 0.15
0.6892989659654711
0.6847570038520331
0.6829094894413156
0.689612591679174
0.6831221698756067

proba_init: 0.3 proba_clean: 0.2
0.7029172754154552
0.6988830608642
0.7059647678436005
0.702166204172642
0.7061365426611055

proba_init: 0.3 proba_clean: 0.25
0.7177147504119574
0.7188961698435736
0.7138733629241271
0.7161616797141037
0.7138756168092257

proba_init: 0.3 proba_clean: 0.3
0.7334080728025982
0.7210501167176794
0.7228729822573204
0.7262356349592347
0.726469079909434

proba_init: 0.3 proba_clean: 0.35
0.7321707857935417
0.730337130378429
0.7404732832612777
0.7361727266283863
0.7265865217095655

proba_init: 0.3 proba_clean: 0.4
0.7414879631506092
0.7350693299851787
0.7380238856192634
0.7400924725896404
0.7430412736234729

proba_init: 0.3 proba_clean: 0.45
0.7462028989566044
0.7424553594078741
0.7430770001000343
0.7396009338181648
0.7389089910929336

proba_init: 0.3 proba_clean: 0.5
0.7363881404977979
0.7478582097189249
0.7412402276097854
0.7412798384415157
0.7444837121314932

proba_init: 0.35 proba_clean: 0.0
0.6337436235432587
0.6336302099633027
0.640748986159322
0.6208125092732978
0.6197908759086627

proba_init: 0.35 proba_clean: 0.05
0.6340933114185361
0.631448017592963
0.6437837705119116
0.6324731516727523
0.6290779854794167

proba_init: 0.35 proba_clean: 0.1
0.6618129330996059
0.6564235101891429
0.652555028125129
0.6626353613855386
0.6577182472907099

proba_init: 0.35 proba_clean: 0.15
0.690270678172925
0.6868288038075493
0.6811289202135223
0.6819133681377949
0.688431316112564

proba_init: 0.35 proba_clean: 0.2
0.699443079378668
0.7124188397555791
0.6998219238952196
0.7041764299054678
0.7007734950017936

proba_init: 0.35 proba_clean: 0.25
0.7197677999616554
0.71227444724427
0.7156958448237517
0.7113483881988109
0.7242657873381722

proba_init: 0.35 proba_clean: 0.3
0.7254098498231561
0.7261433215802019
0.7200505426540079
0.7273840133944068
0.7256552835238795

proba_init: 0.35 proba_clean: 0.35
0.7328395182977582
0.7266252693512576
0.7352761119542132
0.7306003074299275
0.7262983601019751

proba_init: 0.35 proba_clean: 0.4
0.7379481646709553
0.7354956499538047
0.734603830779841
0.7332284333647504
0.7327439439785828

proba_init: 0.35 proba_clean: 0.45
0.7373828231512555
0.7398602744694951
0.7395545613311388
0.7408794141740216
0.7332048395037194

proba_init: 0.35 proba_clean: 0.5
0.7432350597869397
0.737060085987155
0.742889927636861
0.7374996415363594
0.7347672134719793

proba_init: 0.4 proba_clean: 0.0
0.6488358299826374
0.6454603732951637
0.649988716188007
0.6463961192510465
0.6319221966536808

proba_init: 0.4 proba_clean: 0.05
0.636502426858791
0.639648179086229
0.6336414793887962
0.6499675200770809
0.6582557269541928

proba_init: 0.4 proba_clean: 0.1
0.6618125494595903
0.6602210188500564
0.6579276188298576
0.6562823786179771
0.6712620826224404

proba_init: 0.4 proba_clean: 0.15
0.6845193388616498
0.6851647172798465
0.6849655601561453
0.6956161743014706
0.6907950661208364

proba_init: 0.4 proba_clean: 0.2
0.7066259234574865
0.7026857966203425
0.7060035154852936
0.7032956403819866
0.7137263328877035

proba_init: 0.4 proba_clean: 0.25
0.7187091453354025
0.7227714135628831
0.7186625810283682
0.7181496543259583
0.7132463512717331

proba_init: 0.4 proba_clean: 0.3
0.7323571389316834
0.7347680287070152
0.7304925525402196
0.7265932833648605
0.7303825437654133

proba_init: 0.4 proba_clean: 0.35
0.7285701803712312
0.7329374903670389
0.739841955658695
0.735848454904219
0.7311810425052997

proba_init: 0.4 proba_clean: 0.4
0.7406430919236967
0.736472349481477
0.7400710846587057
0.7322621400725329
0.7437870218610549

proba_init: 0.4 proba_clean: 0.45
0.7416339381769868
0.7504926177590224
0.7382069298622608
0.7350650140349905
0.7464780647586267

proba_init: 0.4 proba_clean: 0.5
0.7384513085529376
0.7442429780209757
0.7438579952641559
0.7396219860640846
0.7371041566340806

proba_init: 0.45 proba_clean: 0.0
0.6596168337786594
0.6750401215525029
0.659382765413433
0.6536591920483701
0.6490795852582871

proba_init: 0.45 proba_clean: 0.05
0.6634308389602933
0.6660135035531299
0.6572824322316695
0.6692501784645404
0.6595079759239034

proba_init: 0.45 proba_clean: 0.1
0.6695530143027711
0.6651279664844408
0.6679095484259682
0.674559372656499
0.6663385425573309

proba_init: 0.45 proba_clean: 0.15
0.6804458491636791
0.6839628210623356
0.6857790208566854
0.6857543719856085
0.6853036908759182

proba_init: 0.45 proba_clean: 0.2
0.7039538227857426
0.7034095814669646
0.7050342010279442
0.7092658463228249
0.7080950729016737

proba_init: 0.45 proba_clean: 0.25
0.7265709842888863
0.7192180438176363
0.71790249424516
0.7207466574644215
0.7217196165019301

proba_init: 0.45 proba_clean: 0.3
0.7237111877389418
0.7347045362842411
0.7347050637892643
0.7252357252105489
0.7274803549936167

proba_init: 0.45 proba_clean: 0.35
0.7299627936320745
0.7367498171235995
0.7354463522116511
0.7260557077913738
0.7366676222500084

proba_init: 0.45 proba_clean: 0.4
0.7443651194113121
0.7449927544787334
0.7375136923519733
0.7413275536686008
0.7386882542182899

proba_init: 0.45 proba_clean: 0.45
0.7439282493422252
0.7371548450712953
0.7346005218846968
0.7356252723244682
0.7368023278508937

proba_init: 0.45 proba_clean: 0.5
0.7386414501362449
0.7422230174227237
0.7421545376797317
0.7406933487658924
0.7382165208626799

proba_init: 0.5 proba_clean: 0.0
0.6684434794192956
0.6660229027335406
0.6712160937754311
0.6645090592274008
0.6737210233098715

proba_init: 0.5 proba_clean: 0.05
0.6585255697509822
0.6639749843690671
0.6600502990425976
0.6677644845446303
0.6675287857093326

proba_init: 0.5 proba_clean: 0.1
0.6608094267257638
0.6637600500496765
0.6750081835211075
0.6665849353580958
0.658898467847274

proba_init: 0.5 proba_clean: 0.15
0.6928220281493944
0.6874254119886163
0.6947678982694094
0.6870645505978502
0.6900587650186674

proba_init: 0.5 proba_clean: 0.2
0.7074170371270504
0.701716434207991
0.7014461598161827
0.7021070277000561
0.7041050728623506

proba_init: 0.5 proba_clean: 0.25
0.7166028177783771
0.7223225067882704
0.7303167495025388
0.7142526869906999
0.726245273914656

proba_init: 0.5 proba_clean: 0.3
0.7276751002571251
0.7251670536475486
0.7303970261760461
0.7249252165719827
0.7257749792091088

proba_init: 0.5 proba_clean: 0.35
0.7362301287658943
0.7337447169173067
0.7335089221720048
0.7313283602717361
0.7310673891503342

proba_init: 0.5 proba_clean: 0.4
0.7384770603890628
0.7385781495334793
0.735677111681733
0.7362870513533812
0.735408515714998

proba_init: 0.5 proba_clean: 0.45
0.736356442241413
0.7370137135001291
0.7457983026039279
0.7375606402990244
0.7434648601569797

proba_init: 0.5 proba_clean: 0.5
0.7339917331330988
0.7374626202747419
0.7414025552918776
0.7361709522933089
0.7429363960338912
