0.0 0.05    0.10    0.15    0.20    0.25    0.30    0.35    0.40    0.45    0.50    0.55    0.60    0.65    0.70    0.75    0.80    0.85    0.90    0.95    1
0.010214514426925086    0.48054389368434036  0.5172388093101131  0.5501235629675753  0.5581695566327357  0.5623813929027599 0.5827753722567525  0.5598406558302991   0.5715365098214442  0.5599814633862491 0.5541722022018073  0.5563688094524211 0.5476248149614991 0.5518258316033063  0.5541978621868201 0.5391731731550089 0.5427000671754728 0.5320724727065793   0.530254189054095 0.5182816198476854 0.5022957891296426
0.000869180707508032  0.480913648324478  0.5234086935091444  0.5612141742240538  0.5718917757720086  0.5646579458353235  0.56710200985882772 0.5615956628271873 0.5598406558302991  0.558723983453729 0.5559106222280271 0.5533129619544596  0.564259084871391  0.540079923644137  0.5521499398379438  0.5317600749904563  0.5332378158267645  0.5657262874132604  0.5264091299750567  0.527501291146208  0.521596692977705
0.0008620887518512056  0.47075787404597663  0.5255325290891507  0.5576597798267786  0.5580261232948565  0.5896039526082935  0.5591304169851893  0.5593199070069952   0.5615956628271873 0.5550528238162923  0.5544846936958563 0.5528912777877768  0.5449948130256883  0.539977119592715  0.5448142319068562  0.5351540739674798  0.5349648887239336  0.5394913382135835  0.5413074766960095  0.5204233670115654  0.5231014184122313
0.0009076296571847104  0.47779194452779544  0.5220933174295349  0.54595018733694684  0.568308392273346  0.567908019140356  0.565436501899554 0.5629976310992547  0.5593199070069952  0.5576374255136586  0.554268125297906 0.5607374893037483  0.539024511697753  0.539026422422996  0.5375320242825748  0.5388657105022439  0.5359273433011298  0.5295264254590564  0.5263430282594388  0.5200979927749266  0.5063046782454741
0.0011612637804024812  0.4727385927886041  0.531087429371448   0.555354941127273  0.5658515395557284  0.5608595295522496  0.5706144149191678  0.5576899411522415   0.5629976310992547  0.5642418062885179 0.5572065745547055   0.5577809174627416  0.5537791906360114  0.5393075452007845  0.5397999027569795  0.5453978002183666  0.5435432010640231  0.542014573980597  0.5347567837838085  0.5317373221211508  0.5222202692969125
0.0010091442621237452  0.47476160537587586  0.5268359836499124  0.5541066045425418  0.5596896850916143  0.5657686515913493  0.5684869571667682  0.5660384272400868  0.5576899411522415  0.5593283587425796  0.553197111049077 0.5488970883618522  0.5588244313347592  0.5532516546353105  0.5367277496221277  0.5429921385261266  0.5307278027473228  0.5409723143883401  0.5253554294758229  0.5370557027517328  0.5178153091104482
0.0007454759008196215  0.4763607886264068  0.5145608985763361  0.5499802468521037  0.5581220698354369  0.5628458749704395  0.5631473710026602  0.5624726974360013   0.5660384272400868  0.5554377353137262  0.5542611153979345  0.5589719674569028  0.5522745003682072  0.5419635939555532  0.5416928805275553  0.5373938776752761  0.5307578820171003  0.526114092897492  0.53557851286074  0.5427104530807818  0.5245733684616066
0.0009120372197086223  0.4768973623747301  0.509051363365761   0.551829488942422  0.5601090834213498  0.5638984970235238  0.5661204477586501  0.559278421996963   0.5624726974360013  0.5544505233640552  0.5576191153735992  0.5595216584926309 0.549389891363196  0.5370806359578187  0.5455875129627469  0.5379648094112526  0.5350094566832844  0.5304350983956684  0.5315113876528372  0.5306485721220592  0.5178606741821703
0.001014348937011903  0.48015848985279463  0.5169078552868748  0.5487175856891696  0.565071647156052  0.5601824646484767  0.5729853084453282  0.565690124300531  0.559278421996963  0.5655788333468021  0.556910037030324  0.552708961777313  0.5501855384544474  0.5531476900820536  0.5506382982813718  0.545881143371421  0.5369534848123484  0.53020613958924  0.5263856268823427  0.5213272455517085  0.49666592511771646
0.0009848557792792093  0.47335766776736166  0.5235301828123301  0.5516021009162548  0.5580277057973584  0.5716107584943869  0.5655851868012914  0.5709796682188555 0.565690124300531  0.5585897286303609  0.5732300453878129  0.5520014424920584  0.5440381375131843  0.5478398477459103  0.5328803226504567  0.5369764017930245  0.5302381530287421  0.5352103641675857  0.5235370403231718  0.5258679610083574  0.5151104723896568
0.0010137979917035139  NA  0.5335051298049436  NA  NA  NA  0.5702963201940378  0.5715365098214442  0.5645719749216257 0.5635216738722109  NA  NA  NA  0.5518258316033063  0.5541978621868201  0.5391731731550089  NA  NA  NA  NA  NA
