Communities	Precision	Recall	F-score
proba init 0.0 proba clean 0.0 omega 0.2
471	0.21019108280254778	0.23774509803921567	0.22312062175443487
470	0.23404255319148937	0.26715686274509803	0.24950577463323276
464	0.2025862068965517	0.18872549019607843	0.19541036717062632
449	0.22939866369710468	0.23529411764705882	0.23230899351564704
483	0.2277432712215321	0.25735294117647056	0.241644437470579
moyennes 467.4000, 0.2208, 0.2373, 0.2284

proba init 0.0 proba clean 0.0 omega 0.5
471	0.0	0.0	0
470	0.0	0.0	0
464	0.0	0.0	0
449	0.0	0.0	0
483	0.0	0.0	0
moyennes 467.4000, 0.0000, 0.0000, 0.0000

proba init 0.0 proba clean 0.05 omega 0.2
252	0.40476190476190477	0.23039215686274508	0.2936420433664094
241	0.3941908713692946	0.21568627450980393	0.27881536819637137
227	0.3656387665198238	0.1715686274509804	0.23354906138199943
237	0.3670886075949367	0.21568627450980393	0.2717206132879046
239	0.39748953974895396	0.20098039215686275	0.2669728229205936
moyennes 239.2000, 0.3858, 0.2069, 0.2689

proba init 0.0 proba clean 0.05 omega 0.5
252	0.0	0.0	0
241	0.0	0.0	0
227	0.0	0.0	0
237	0.0	0.0	0
239	0.0	0.0	0
moyennes 239.2000, 0.0000, 0.0000, 0.0000

proba init 0.0 proba clean 0.1 omega 0.2
190	0.42105263157894735	0.18137254901960784	0.25353319057815843
179	0.4245810055865922	0.17647058823529413	0.249316566429743
179	0.35195530726256985	0.14705882352941177	0.2074415541652947
175	0.38285714285714284	0.15196078431372548	0.21756664746242077
186	0.34946236559139787	0.1568627450980392	0.21653133458255258
moyennes 181.8000, 0.3860, 0.1627, 0.2289

proba init 0.0 proba clean 0.1 omega 0.5
190	0.0	0.0	0
179	0.0	0.0	0
179	0.0	0.0	0
175	0.0	0.0	0
186	0.0	0.0	0
moyennes 181.8000, 0.0000, 0.0000, 0.0000

proba init 0.0 proba clean 0.15 omega 0.2
144	0.3402777777777778	0.12990196078431374	0.18802490587894588
132	0.3409090909090909	0.10294117647058823	0.1581325301204819
155	0.4064516129032258	0.1568627450980392	0.22636424882101955
157	0.3375796178343949	0.12745098039215685	0.18504095608970053
163	0.44171779141104295	0.17647058823529413	0.2521891418563923
moyennes 150.2000, 0.3734, 0.1387, 0.2020

proba init 0.0 proba clean 0.15 omega 0.5
144	0.0	0.0	0
132	0.0	0.0	0
155	0.0	0.0	0
157	0.0	0.0	0
163	0.0	0.0	0
moyennes 150.2000, 0.0000, 0.0000, 0.0000

proba init 0.0 proba clean 0.2 omega 0.2
131	0.366412213740458	0.10784313725490197	0.16664036610383462
139	0.39568345323741005	0.13480392156862744	0.2010968921389397
129	0.3488372093023256	0.12009803921568628	0.17867995624164337
132	0.42424242424242425	0.13970588235294118	0.2101935993678388
137	0.36496350364963503	0.12745098039215685	0.1889260281935765
moyennes 133.6000, 0.3800, 0.1260, 0.1891

proba init 0.0 proba clean 0.2 omega 0.5
131	0.0	0.0	0
139	0.0	0.0	0
129	0.0	0.0	0
132	0.0	0.0	0
137	0.0	0.0	0
moyennes 133.6000, 0.0000, 0.0000, 0.0000

proba init 0.0 proba clean 0.25 omega 0.2
109	0.3853211009174312	0.10294117647058823	0.16247582205029015
110	0.34545454545454546	0.10049019607843138	0.155691016288598
105	0.38095238095238093	0.09068627450980392	0.1464983914872556
119	0.3865546218487395	0.12254901960784313	0.1860991989643175
113	0.36283185840707965	0.10784313725490197	0.16626728110599082
moyennes 111.2000, 0.3722, 0.1049, 0.1634

proba init 0.0 proba clean 0.25 omega 0.5
109	0.0	0.0	0
110	0.0	0.0	0
105	0.0	0.0	0
119	0.0	0.0	0
113	0.0	0.0	0
moyennes 111.2000, 0.0000, 0.0000, 0.0000

proba init 0.0 proba clean 0.3 omega 0.2
110	0.36363636363636365	0.1053921568627451	0.16342042755344416
98	0.3877551020408163	0.09803921568627451	0.15650741350906097
101	0.36633663366336633	0.10784313725490197	0.16663254861821902
100	0.37	0.09803921568627451	0.15500628403854208
99	0.3434343434343434	0.09068627450980392	0.1434844596521243
moyennes 101.6000, 0.3662, 0.1000, 0.1570

proba init 0.0 proba clean 0.3 omega 0.5
110	0.0	0.0	0
98	0.0	0.0	0
101	0.0	0.0	0
100	0.0	0.0	0
99	0.0	0.0	0
moyennes 101.6000, 0.0000, 0.0000, 0.0000

proba init 0.0 proba clean 0.35 omega 0.2
108	0.37037037037037035	0.1053921568627451	0.16409082236214462
98	0.3877551020408163	0.10049019607843138	0.15961479356623298
90	0.3	0.07352941176470588	0.11811023622047245
98	0.336734693877551	0.09068627450980392	0.14289057928613222
95	0.4105263157894737	0.09068627450980392	0.14855613321665725
moyennes 97.8000, 0.3611, 0.0922, 0.1467

proba init 0.0 proba clean 0.35 omega 0.5
108	0.0	0.0	0
98	0.0	0.0	0
90	0.0	0.0	0
98	0.0	0.0	0
95	0.0	0.0	0
moyennes 97.8000, 0.0000, 0.0000, 0.0000

proba init 0.0 proba clean 0.4 omega 0.2
89	0.3707865168539326	0.0857843137254902	0.13933289100669521
90	0.36666666666666664	0.09068627450980392	0.14540907466952482
77	0.3246753246753247	0.0661764705882353	0.10994380649890056
87	0.3563218390804598	0.08088235294117647	0.13183839164894645
82	0.34146341463414637	0.07598039215686274	0.12430187598453385
moyennes 85.0000, 0.3520, 0.0799, 0.1302

proba init 0.0 proba clean 0.4 omega 0.5
89	0.0	0.0	0
90	0.0	0.0	0
77	0.0	0.0	0
87	0.0	0.0	0
82	0.0	0.0	0
moyennes 85.0000, 0.0000, 0.0000, 0.0000

proba init 0.0 proba clean 0.45 omega 0.2
89	0.39325842696629215	0.09803921568627451	0.15695067264573992
88	0.3977272727272727	0.09803921568627451	0.15730337078651688
80	0.3375	0.07107843137254902	0.1174265146970606
80	0.3375	0.08088235294117647	0.1304920913884007
75	0.37333333333333335	0.08823529411764706	0.1427357689039932
moyennes 82.4000, 0.3679, 0.0873, 0.1410

proba init 0.0 proba clean 0.45 omega 0.5
89	0.0	0.0	0
88	0.0	0.0	0
80	0.0	0.0	0
80	0.0	0.0	0
75	0.0	0.0	0
moyennes 82.4000, 0.0000, 0.0000, 0.0000

proba init 0.0 proba clean 0.5 omega 0.2
78	0.3717948717948718	0.0857843137254902	0.13940392803186374
76	0.3815789473684211	0.07598039215686274	0.12672681138990696
82	0.36585365853658536	0.08333333333333333	0.13574660633484165
75	0.36	0.07598039215686274	0.1254778502361142
75	0.3333333333333333	0.0661764705882353	0.11042944785276074
moyennes 77.2000, 0.3625, 0.0775, 0.1276

proba init 0.0 proba clean 0.5 omega 0.5
78	0.0	0.0	0
76	0.0	0.0	0
82	0.0	0.0	0
75	0.0	0.0	0
75	0.0	0.0	0
moyennes 77.2000, 0.0000, 0.0000, 0.0000

proba init 0.05 proba clean 0.0 omega 0.2
390	0.35384615384615387	0.26715686274509803	0.3044507863258243
420	0.33095238095238094	0.26715686274509803	0.29565234359754905
425	0.3764705882352941	0.3088235294117647	0.3393082554910376
410	0.3195121951219512	0.25735294117647056	0.28508362867624193
446	0.3094170403587444	0.27450980392156865	0.290920042162325
moyennes 418.2000, 0.3380, 0.2750, 0.3031

proba init 0.05 proba clean 0.0 omega 0.5
390	0.0	0.0	0
420	0.0	0.0	0
425	0.0	0.0	0
410	0.0	0.0	0
446	0.0	0.0	0
moyennes 418.2000, 0.0000, 0.0000, 0.0000

proba init 0.05 proba clean 0.05 omega 0.2
234	0.3974358974358974	0.20098039215686275	0.2669607225372821
240	0.4	0.22058823529411764	0.2843601895734597
238	0.3487394957983193	0.1715686274509804	0.22998970786161035
251	0.4262948207171315	0.22058823529411764	0.29073453491531565
240	0.36666666666666664	0.19117647058823528	0.25131810193321613
moyennes 240.6000, 0.3878, 0.2010, 0.2647

proba init 0.05 proba clean 0.05 omega 0.5
234	0.0	0.0	0
240	0.0	0.0	0
238	0.0	0.0	0
251	0.0	0.0	0
240	0.0	0.0	0
moyennes 240.6000, 0.0000, 0.0000, 0.0000

proba init 0.05 proba clean 0.1 omega 0.2
178	0.43258426966292135	0.1715686274509804	0.24569240587109126
179	0.39664804469273746	0.1715686274509804	0.2395296158851029
189	0.4021164021164021	0.17401960784313725	0.24291534427262695
199	0.4120603015075377	0.18627450980392157	0.25656648826677647
184	0.41847826086956524	0.1568627450980392	0.2281904056306723
moyennes 185.8000, 0.4124, 0.1721, 0.2426

proba init 0.05 proba clean 0.1 omega 0.5
178	0.0	0.0	0
179	0.0	0.0	0
189	0.0	0.0	0
199	0.0	0.0	0
184	0.0	0.0	0
moyennes 185.8000, 0.0000, 0.0000, 0.0000

proba init 0.05 proba clean 0.15 omega 0.2
161	0.42857142857142855	0.18872549019607843	0.26205331820760064
160	0.375	0.14460784313725492	0.20872641509433962
150	0.4266666666666667	0.17647058823529413	0.24967490247074126
141	0.3475177304964539	0.11029411764705882	0.16744503929832555
151	0.3708609271523179	0.14215686274509803	0.20553059545655886
moyennes 152.6000, 0.3897, 0.1525, 0.2187

proba init 0.05 proba clean 0.15 omega 0.5
161	0.0	0.0	0
160	0.0	0.0	0
150	0.0	0.0	0
141	0.0	0.0	0
151	0.0	0.0	0
moyennes 152.6000, 0.0000, 0.0000, 0.0000

proba init 0.05 proba clean 0.2 omega 0.2
141	0.3829787234042553	0.13725490196078433	0.2020850040096231
132	0.3484848484848485	0.12990196078431374	0.18925632665735137
125	0.352	0.10784313725490197	0.1651031894934334
139	0.3669064748201439	0.13970588235294118	0.20235982040304898
130	0.4076923076923077	0.13725490196078433	0.20536949903127594
moyennes 133.4000, 0.3716, 0.1304, 0.1928

proba init 0.05 proba clean 0.2 omega 0.5
141	0.0	0.0	0
132	0.0	0.0	0
125	0.0	0.0	0
139	0.0	0.0	0
130	0.0	0.0	0
moyennes 133.4000, 0.0000, 0.0000, 0.0000

proba init 0.05 proba clean 0.25 omega 0.2
123	0.35772357723577236	0.12254901960784313	0.18255746411086216
110	0.38181818181818183	0.12745098039215685	0.19110955547777386
105	0.3333333333333333	0.08823529411764706	0.13953488372093023
120	0.39166666666666666	0.12745098039215685	0.1923197985520932
116	0.35344827586206895	0.12009803921568628	0.17927895770123148
moyennes 114.8000, 0.3636, 0.1172, 0.1770

proba init 0.05 proba clean 0.25 omega 0.5
123	0.0	0.0	0
110	0.0	0.0	0
105	0.0	0.0	0
120	0.0	0.0	0
116	0.0	0.0	0
moyennes 114.8000, 0.0000, 0.0000, 0.0000

proba init 0.05 proba clean 0.3 omega 0.2
101	0.40594059405940597	0.13480392156862744	0.2023964457209532
95	0.3368421052631579	0.08823529411764706	0.13983976693372177
107	0.37383177570093457	0.1053921568627451	0.16442808661153863
98	0.35714285714285715	0.09558823529411764	0.1508120649651972
99	0.35353535353535354	0.08333333333333333	0.1348747591522158
moyennes 100.0000, 0.3655, 0.1015, 0.1585

proba init 0.05 proba clean 0.3 omega 0.5
101	0.0	0.0	0
95	0.0	0.0	0
107	0.0	0.0	0
98	0.0	0.0	0
99	0.0	0.0	0
moyennes 100.0000, 0.0000, 0.0000, 0.0000

proba init 0.05 proba clean 0.35 omega 0.2
88	0.4090909090909091	0.10049019607843138	0.16134674245736774
101	0.36633663366336633	0.10784313725490197	0.16663254861821902
95	0.4	0.11029411764705882	0.17291066282420753
99	0.36363636363636365	0.09803921568627451	0.15444015444015444
95	0.37894736842105264	0.10049019607843138	0.15885486735188076
moyennes 95.6000, 0.3836, 0.1034, 0.1628

proba init 0.05 proba clean 0.35 omega 0.5
88	0.0	0.0	0
101	0.0	0.0	0
95	0.0	0.0	0
99	0.0	0.0	0
95	0.0	0.0	0
moyennes 95.6000, 0.0000, 0.0000, 0.0000

proba init 0.05 proba clean 0.4 omega 0.2
90	0.3111111111111111	0.07352941176470588	0.11894647408666101
86	0.37209302325581395	0.08088235294117647	0.1328803322008305
89	0.3707865168539326	0.09068627450980392	0.14573014262696188
moyennes 88.3333, 0.3513, 0.0817, 0.1325

proba init 0.05 proba clean 0.4 omega 0.5
90	0.0	0.0	0
86	0.0	0.0	0
89	0.0	0.0	0
moyennes 88.3333, 0.0000, 0.0000, 0.0000

proba init 0.05 proba clean 0.4 omega 0.2
82	0.35365853658536583	0.0857843137254902	0.1380764521833764
86	0.3953488372093023	0.09068627450980392	0.14753137093936905
92	0.33695652173913043	0.09313725490196079	0.14593657086223985
91	0.38461538461538464	0.09803921568627451	0.15625000000000003
90	0.35555555555555557	0.09068627450980392	0.14451360917856707
moyennes 88.2000, 0.3652, 0.0917, 0.1465

proba init 0.05 proba clean 0.4 omega 0.5
82	0.0	0.0	0
86	0.0	0.0	0
92	0.0	0.0	0
91	0.0	0.0	0
90	0.0	0.0	0
moyennes 88.2000, 0.0000, 0.0000, 0.0000

proba init 0.05 proba clean 0.45 omega 0.2
81	0.3333333333333333	0.0784313725490196	0.12698412698412698
78	0.3076923076923077	0.0661764705882353	0.10892586989409984
83	0.3373493975903614	0.0784313725490196	0.1272727272727273
80	0.3	0.0661764705882353	0.10843373493975904
79	0.3291139240506329	0.06862745098039216	0.11357254290171609
moyennes 80.2000, 0.3215, 0.0716, 0.1170

proba init 0.05 proba clean 0.45 omega 0.5
81	0.0	0.0	0
78	0.0	0.0	0
83	0.0	0.0	0
80	0.0	0.0	0
79	0.0	0.0	0
moyennes 80.2000, 0.0000, 0.0000, 0.0000

proba init 0.05 proba clean 0.5 omega 0.2
75	0.3333333333333333	0.0661764705882353	0.11042944785276074
83	0.3855421686746988	0.09068627450980392	0.14683450114714452
78	0.358974358974359	0.07598039215686274	0.1254154023984973
81	0.35802469135802467	0.0857843137254902	0.13840594531942457
85	0.4235294117647059	0.09313725490196079	0.15269561334970422
moyennes 80.4000, 0.3719, 0.0824, 0.1348

proba init 0.05 proba clean 0.5 omega 0.5
75	0.0	0.0	0
83	0.0	0.0	0
78	0.0	0.0	0
81	0.0	0.0	0
85	0.0	0.0	0
moyennes 80.4000, 0.0000, 0.0000, 0.0000

proba init 0.1 proba clean 0.0 omega 0.2
357	0.36694677871148457	0.2769607843137255	0.3156660162705648
346	0.3352601156069364	0.23529411764705882	0.2765196662693683
364	0.36538461538461536	0.2647058823529412	0.3070017953321364
348	0.382183908045977	0.2647058823529412	0.3127776326103998
351	0.3789173789173789	0.27941176470588236	0.32164449818621527
moyennes 353.2000, 0.3657, 0.2642, 0.3067

proba init 0.1 proba clean 0.0 omega 0.5
357	0.0	0.0	0
346	0.0	0.0	0
364	0.0	0.0	0
348	0.0	0.0	0
351	0.0	0.0	0
moyennes 353.2000, 0.0000, 0.0000, 0.0000

proba init 0.1 proba clean 0.05 omega 0.2
234	0.3803418803418803	0.22549019607843138	0.2831258644536653
245	0.39591836734693875	0.21568627450980393	0.279246270609788
252	0.44047619047619047	0.23039215686274508	0.3025400139178845
247	0.41295546558704455	0.25	0.3114503816793893
250	0.428	0.2549019607843137	0.31951303548868726
moyennes 245.6000, 0.4115, 0.2353, 0.2992

proba init 0.1 proba clean 0.05 omega 0.5
234	0.0	0.0	0
245	0.0	0.0	0
252	0.0	0.0	0
247	0.0	0.0	0
250	0.0	0.0	0
moyennes 245.6000, 0.0000, 0.0000, 0.0000

proba init 0.1 proba clean 0.1 omega 0.2
173	0.37572254335260113	0.1568627450980392	0.22132368589061502
188	0.4148936170212766	0.16666666666666666	0.23780487804878048
191	0.4031413612565445	0.1715686274509804	0.24070021881838077
193	0.36787564766839376	0.17401960784313725	0.2362728785357737
176	0.4090909090909091	0.17401960784313725	0.24417271685135652
moyennes 184.2000, 0.3941, 0.1686, 0.2361

proba init 0.1 proba clean 0.1 omega 0.5
173	0.0	0.0	0
188	0.0	0.0	0
191	0.0	0.0	0
193	0.0	0.0	0
176	0.0	0.0	0
moyennes 184.2000, 0.0000, 0.0000, 0.0000

proba init 0.1 proba clean 0.15 omega 0.2
149	0.3691275167785235	0.13480392156862744	0.19748653500897664
147	0.3469387755102041	0.12990196078431374	0.18902758837721598
152	0.40131578947368424	0.15196078431372548	0.22044765679645606
164	0.3597560975609756	0.12990196078431374	0.19088023440361376
160	0.39375	0.16176470588235295	0.22931833223031103
moyennes 154.4000, 0.3742, 0.1417, 0.2054

proba init 0.1 proba clean 0.15 omega 0.5
149	0.0	0.0	0
147	0.0	0.0	0
152	0.0	0.0	0
164	0.0	0.0	0
160	0.0	0.0	0
moyennes 154.4000, 0.0000, 0.0000, 0.0000

proba init 0.1 proba clean 0.2 omega 0.2
135	0.362962962962963	0.11519607843137254	0.1748870410449178
137	0.41605839416058393	0.14705882352941177	0.2173084254670225
124	0.3629032258064516	0.11519607843137254	0.1748801058376054
134	0.35074626865671643	0.12254901960784313	0.18163549234812182
127	0.3543307086614173	0.11029411764705882	0.16822429906542055
moyennes 131.4000, 0.3694, 0.1221, 0.1834

proba init 0.1 proba clean 0.2 omega 0.5
135	0.0	0.0	0
137	0.0	0.0	0
124	0.0	0.0	0
134	0.0	0.0	0
127	0.0	0.0	0
moyennes 131.4000, 0.0000, 0.0000, 0.0000

proba init 0.1 proba clean 0.25 omega 0.2
118	0.3305084745762712	0.10294117647058823	0.1569867740080506
107	0.3364485981308411	0.09068627450980392	0.14286480398991794
123	0.34959349593495936	0.10784313725490197	0.16483707963059765
132	0.4090909090909091	0.13970588235294118	0.2082825822168088
107	0.3644859813084112	0.09558823529411764	0.15145631067961163
moyennes 117.4000, 0.3580, 0.1074, 0.1649

proba init 0.1 proba clean 0.25 omega 0.5
118	0.0	0.0	0
107	0.0	0.0	0
123	0.0	0.0	0
132	0.0	0.0	0
107	0.0	0.0	0
moyennes 117.4000, 0.0000, 0.0000, 0.0000

proba init 0.1 proba clean 0.3 omega 0.2
98	0.3469387755102041	0.09558823529411764	0.14988131570023736
106	0.3584905660377358	0.10784313725490197	0.16580721935739787
110	0.39090909090909093	0.11029411764705882	0.17204587890104026
106	0.330188679245283	0.09068627450980392	0.14229205581804197
110	0.32727272727272727	0.09803921568627451	0.15088013411567475
moyennes 106.0000, 0.3508, 0.1005, 0.1562

proba init 0.1 proba clean 0.3 omega 0.5
98	0.0	0.0	0
106	0.0	0.0	0
110	0.0	0.0	0
106	0.0	0.0	0
110	0.0	0.0	0
moyennes 106.0000, 0.0000, 0.0000, 0.0000

proba init 0.1 proba clean 0.35 omega 0.2
96	0.3645833333333333	0.09803921568627451	0.1545253863134658
86	0.38372093023255816	0.0857843137254902	0.1402209542309093
98	0.336734693877551	0.08823529411764706	0.13983050847457626
92	0.391304347826087	0.10049019607843138	0.1599133261105092
90	0.37777777777777777	0.09068627450980392	0.14626206255086618
moyennes 92.4000, 0.3708, 0.0926, 0.1482

proba init 0.1 proba clean 0.35 omega 0.5
96	0.0	0.0	0
86	0.0	0.0	0
98	0.0	0.0	0
92	0.0	0.0	0
90	0.0	0.0	0
moyennes 92.4000, 0.0000, 0.0000, 0.0000

proba init 0.1 proba clean 0.4 omega 0.2
94	0.3404255319148936	0.08823529411764706	0.14014598540145987
89	0.3258426966292135	0.08333333333333333	0.13272311212814644
92	0.358695652173913	0.0857843137254902	0.13845600575401584
79	0.31645569620253167	0.06372549019607843	0.1060878080626734
88	0.3181818181818182	0.08088235294117647	0.1289782244556114
moyennes 88.4000, 0.3319, 0.0804, 0.1293

proba init 0.1 proba clean 0.4 omega 0.5
94	0.0	0.0	0
89	0.0	0.0	0
92	0.0	0.0	0
79	0.0	0.0	0
88	0.0	0.0	0
moyennes 88.4000, 0.0000, 0.0000, 0.0000

proba init 0.1 proba clean 0.45 omega 0.2
88	0.375	0.09068627450980392	0.14605263157894735
80	0.275	0.061274509803921566	0.10021865889212826
91	0.3626373626373626	0.0857843137254902	0.13874707189621
82	0.3902439024390244	0.0857843137254902	0.14065050860228556
80	0.3	0.06372549019607843	0.10512129380053907
moyennes 84.2000, 0.3406, 0.0775, 0.1262

proba init 0.1 proba clean 0.45 omega 0.5
88	0.0	0.0	0
80	0.0	0.0	0
91	0.0	0.0	0
82	0.0	0.0	0
80	0.0	0.0	0
moyennes 84.2000, 0.0000, 0.0000, 0.0000

proba init 0.1 proba clean 0.5 omega 0.2
74	0.36486486486486486	0.07598039215686274	0.1257700976709241
77	0.2987012987012987	0.06862745098039216	0.11161178509532065
82	0.35365853658536583	0.0784313725490196	0.1283895960154953
78	0.38461538461538464	0.08088235294117647	0.13365735115431351
75	0.3333333333333333	0.0661764705882353	0.11042944785276074
moyennes 77.2000, 0.3470, 0.0740, 0.1220

proba init 0.1 proba clean 0.5 omega 0.5
74	0.0	0.0	0
77	0.0	0.0	0
82	0.0	0.0	0
78	0.0	0.0	0
75	0.0	0.0	0
moyennes 77.2000, 0.0000, 0.0000, 0.0000

proba init 0.15 proba clean 0.0 omega 0.2
282	0.3333333333333333	0.22058823529411764	0.2654867256637168
322	0.36024844720496896	0.22303921568627452	0.2755056766279525
301	0.4152823920265781	0.25245098039215685	0.31401290196700127
291	0.41580756013745707	0.24019607843137256	0.30449631512723724
305	0.380327868852459	0.24509803921568626	0.29809323122783576
moyennes 300.2000, 0.3810, 0.2363, 0.2915

proba init 0.15 proba clean 0.0 omega 0.5
282	0.0	0.0	0
322	0.0	0.0	0
301	0.0	0.0	0
291	0.0	0.0	0
305	0.0	0.0	0
moyennes 300.2000, 0.0000, 0.0000, 0.0000

proba init 0.15 proba clean 0.05 omega 0.2
236	0.4406779661016949	0.2034313725490196	0.2783618187681393
240	0.36666666666666664	0.22794117647058823	0.281121187139324
235	0.4127659574468085	0.22794117647058823	0.2936953655320604
242	0.3925619834710744	0.22549019607843138	0.28644467750393293
229	0.31004366812227074	0.16176470588235295	0.21260378385735673
moyennes 236.4000, 0.3845, 0.2093, 0.2704

proba init 0.15 proba clean 0.05 omega 0.5
236	0.0	0.0	0
240	0.0	0.0	0
235	0.0	0.0	0
242	0.0	0.0	0
229	0.0	0.0	0
moyennes 236.4000, 0.0000, 0.0000, 0.0000

proba init 0.15 proba clean 0.1 omega 0.2
183	0.4262295081967213	0.17401960784313725	0.24713836267487782
182	0.36813186813186816	0.16176470588235295	0.22476364745349192
187	0.40106951871657753	0.1642156862745098	0.2330218646386422
182	0.3901098901098901	0.1715686274509804	0.23832358300565837
202	0.4158415841584158	0.18382352941176472	0.25494718951074424
moyennes 187.2000, 0.4003, 0.1711, 0.2396

proba init 0.15 proba clean 0.1 omega 0.5
183	0.0	0.0	0
182	0.0	0.0	0
187	0.0	0.0	0
182	0.0	0.0	0
202	0.0	0.0	0
moyennes 187.2000, 0.0000, 0.0000, 0.0000

proba init 0.15 proba clean 0.15 omega 0.2
148	0.3310810810810811	0.11029411764705882	0.1654660063034669
159	0.4339622641509434	0.1568627450980392	0.23043206011271133
146	0.4041095890410959	0.14460784313725492	0.21299638989169678
143	0.32167832167832167	0.12254901960784313	0.17748283046531366
149	0.38926174496644295	0.13480392156862744	0.20025738409868482
moyennes 149.0000, 0.3760, 0.1338, 0.1973

proba init 0.15 proba clean 0.15 omega 0.5
148	0.0	0.0	0
159	0.0	0.0	0
146	0.0	0.0	0
143	0.0	0.0	0
149	0.0	0.0	0
moyennes 149.0000, 0.0000, 0.0000, 0.0000

proba init 0.15 proba clean 0.2 omega 0.2
131	0.3969465648854962	0.12990196078431374	0.1957455875563763
134	0.3880597014925373	0.12745098039215685	0.19188191881918817
122	0.4016393442622951	0.125	0.19066147859922178
132	0.3787878787878788	0.11764705882352941	0.17953321364452424
126	0.2698412698412698	0.08333333333333333	0.12734082397003746
moyennes 129.0000, 0.3671, 0.1167, 0.1770

proba init 0.15 proba clean 0.2 omega 0.5
131	0.0	0.0	0
134	0.0	0.0	0
122	0.0	0.0	0
132	0.0	0.0	0
126	0.0	0.0	0
moyennes 129.0000, 0.0000, 0.0000, 0.0000

proba init 0.15 proba clean 0.25 omega 0.2
114	0.38596491228070173	0.11519607843137254	0.1774345774345774
127	0.41732283464566927	0.13970588235294118	0.20933374909053115
115	0.4	0.12745098039215685	0.1933085501858736
102	0.3333333333333333	0.11029411764705882	0.16574585635359115
116	0.39655172413793105	0.1323529411764706	0.19846596356663473
moyennes 114.8000, 0.3866, 0.1250, 0.1889

proba init 0.15 proba clean 0.25 omega 0.5
114	0.0	0.0	0
127	0.0	0.0	0
115	0.0	0.0	0
102	0.0	0.0	0
116	0.0	0.0	0
moyennes 114.8000, 0.0000, 0.0000, 0.0000

proba init 0.15 proba clean 0.3 omega 0.2
104	0.36538461538461536	0.10049019607843138	0.1576284904896803
91	0.3516483516483517	0.08088235294117647	0.13151503829628247
108	0.4351851851851852	0.125	0.19421487603305787
106	0.3867924528301887	0.11274509803921569	0.17459729679688948
107	0.35514018691588783	0.10294117647058823	0.1596159615961596
moyennes 103.2000, 0.3788, 0.1044, 0.1635

proba init 0.15 proba clean 0.3 omega 0.5
104	0.0	0.0	0
91	0.0	0.0	0
108	0.0	0.0	0
106	0.0	0.0	0
107	0.0	0.0	0
moyennes 103.2000, 0.0000, 0.0000, 0.0000

proba init 0.15 proba clean 0.35 omega 0.2
92	0.34782608695652173	0.09068627450980392	0.14386391251518832
95	0.3473684210526316	0.0857843137254902	0.13759008874858542
93	0.3333333333333333	0.08823529411764706	0.13953488372093023
104	0.34615384615384615	0.10294117647058823	0.15869017632241814
89	0.3595505617977528	0.08333333333333333	0.13530655391120508
moyennes 94.6000, 0.3468, 0.0902, 0.1430

proba init 0.15 proba clean 0.35 omega 0.5
92	0.0	0.0	0
95	0.0	0.0	0
93	0.0	0.0	0
104	0.0	0.0	0
89	0.0	0.0	0
moyennes 94.6000, 0.0000, 0.0000, 0.0000

proba init 0.15 proba clean 0.4 omega 0.2
82	0.34146341463414637	0.08088235294117647	0.1307855626326964
86	0.37209302325581395	0.08823529411764706	0.1426448736998514
88	0.42045454545454547	0.09803921568627451	0.15900300816501933
92	0.32608695652173914	0.08823529411764706	0.1388888888888889
83	0.3493975903614458	0.08088235294117647	0.13135680461190036
moyennes 86.2000, 0.3619, 0.0873, 0.1405

proba init 0.15 proba clean 0.4 omega 0.5
82	0.0	0.0	0
86	0.0	0.0	0
88	0.0	0.0	0
92	0.0	0.0	0
83	0.0	0.0	0
moyennes 86.2000, 0.0000, 0.0000, 0.0000

proba init 0.15 proba clean 0.45 omega 0.2
79	0.34177215189873417	0.07107843137254902	0.11768242278500035
80	0.3125	0.06372549019607843	0.10586319218241041
88	0.3068181818181818	0.0784313725490196	0.1249277038750723
82	0.35365853658536583	0.07598039215686274	0.1250869625713093
81	0.43209876543209874	0.09558823529411764	0.1565456734904524
moyennes 82.0000, 0.3494, 0.0770, 0.1260

proba init 0.15 proba clean 0.45 omega 0.5
79	0.0	0.0	0
80	0.0	0.0	0
88	0.0	0.0	0
82	0.0	0.0	0
81	0.0	0.0	0
moyennes 82.0000, 0.0000, 0.0000, 0.0000

proba init 0.15 proba clean 0.5 omega 0.2
79	0.3670886075949367	0.0784313725490196	0.12924791086350976
73	0.3698630136986301	0.07352941176470588	0.12267151294865969
74	0.33783783783783783	0.06372549019607843	0.10722533817222038
74	0.35135135135135137	0.07598039215686274	0.12494186947760037
76	0.35526315789473684	0.07352941176470588	0.12184115523465704
moyennes 75.2000, 0.3563, 0.0730, 0.1212

proba init 0.15 proba clean 0.5 omega 0.5
79	0.0	0.0	0
73	0.0	0.0	0
74	0.0	0.0	0
74	0.0	0.0	0
76	0.0	0.0	0
moyennes 75.2000, 0.0000, 0.0000, 0.0000

proba init 0.2 proba clean 0.0 omega 0.2
248	0.4153225806451613	0.20098039215686275	0.27087876844130854
255	0.4117647058823529	0.23039215686274508	0.29546475078581047
273	0.39194139194139194	0.24509803921568626	0.3015953548678054
247	0.3724696356275304	0.19852941176470587	0.2590063083259475
252	0.4603174603174603	0.2426470588235294	0.31778183629420553
moyennes 255.0000, 0.4104, 0.2235, 0.2889

proba init 0.2 proba clean 0.0 omega 0.5
248	0.0	0.0	0
255	0.0	0.0	0
273	0.0	0.0	0
247	0.0	0.0	0
252	0.0	0.0	0
moyennes 255.0000, 0.0000, 0.0000, 0.0000

proba init 0.2 proba clean 0.05 omega 0.2
248	0.43548387096774194	0.2181372549019608	0.29067376315471155
247	0.44129554655870445	0.2181372549019608	0.2919569633586638
246	0.3902439024390244	0.21323529411764705	0.275780089153046
256	0.4453125	0.23529411764705882	0.3079000675219446
243	0.3868312757201646	0.22058823529411764	0.2809604463485105
moyennes 248.0000, 0.4198, 0.2211, 0.2895

proba init 0.2 proba clean 0.05 omega 0.5
248	0.0	0.0	0
247	0.0	0.0	0
246	0.0	0.0	0
256	0.0	0.0	0
243	0.0	0.0	0
moyennes 248.0000, 0.0000, 0.0000, 0.0000

proba init 0.2 proba clean 0.1 omega 0.2
192	0.40625	0.16911764705882354	0.2388178913738019
189	0.3862433862433862	0.18872549019607843	0.25355797640796623
185	0.3891891891891892	0.1642156862745098	0.23097364200043094
177	0.4011299435028249	0.16911764705882354	0.23792525679318136
165	0.3939393939393939	0.1568627450980392	0.2243797195253506
moyennes 181.6000, 0.3954, 0.1696, 0.2371

proba init 0.2 proba clean 0.1 omega 0.5
192	0.0	0.0	0
189	0.0	0.0	0
185	0.0	0.0	0
177	0.0	0.0	0
165	0.0	0.0	0
moyennes 181.6000, 0.0000, 0.0000, 0.0000

proba init 0.2 proba clean 0.15 omega 0.2
146	0.3424657534246575	0.11519607843137254	0.1724011444501504
162	0.41975308641975306	0.16176470588235295	0.23353106462691228
155	0.4064516129032258	0.14460784313725492	0.21332032482998078
164	0.4268292682926829	0.17892156862745098	0.2521464521859272
151	0.41721854304635764	0.14705882352941177	0.21746634449430444
moyennes 155.6000, 0.4025, 0.1495, 0.2178

proba init 0.2 proba clean 0.15 omega 0.5
146	0.0	0.0	0
162	0.0	0.0	0
155	0.0	0.0	0
164	0.0	0.0	0
151	0.0	0.0	0
moyennes 155.6000, 0.0000, 0.0000, 0.0000

proba init 0.2 proba clean 0.2 omega 0.2
124	0.3387096774193548	0.10784313725490197	0.16359773371104816
134	0.3805970149253731	0.12990196078431374	0.19369401648154785
125	0.336	0.10784313725490197	0.16327973140130764
127	0.4330708661417323	0.13970588235294118	0.21126048721318103
133	0.3609022556390977	0.12009803921568628	0.18022297996245354
moyennes 128.6000, 0.3699, 0.1211, 0.1824

proba init 0.2 proba clean 0.2 omega 0.5
124	0.0	0.0	0
134	0.0	0.0	0
125	0.0	0.0	0
127	0.0	0.0	0
133	0.0	0.0	0
moyennes 128.6000, 0.0000, 0.0000, 0.0000

proba init 0.2 proba clean 0.25 omega 0.2
114	0.35964912280701755	0.10784313725490197	0.1659308314937454
110	0.35454545454545455	0.10049019607843138	0.1565958280285966
107	0.37383177570093457	0.10049019607843138	0.1584005408798957
119	0.37815126050420167	0.13970588235294118	0.2040329316310703
116	0.35344827586206895	0.10784313725490197	0.1652620007328692
moyennes 113.2000, 0.3639, 0.1113, 0.1700

proba init 0.2 proba clean 0.25 omega 0.5
114	0.0	0.0	0
110	0.0	0.0	0
107	0.0	0.0	0
119	0.0	0.0	0
116	0.0	0.0	0
moyennes 113.2000, 0.0000, 0.0000, 0.0000

proba init 0.2 proba clean 0.3 omega 0.2
106	0.3584905660377358	0.09803921568627451	0.1539708265802269
110	0.2909090909090909	0.09068627450980392	0.1382692981431741
102	0.3431372549019608	0.09558823529411764	0.14952349654945776
104	0.3557692307692308	0.1053921568627451	0.16261242845461976
103	0.3786407766990291	0.09803921568627451	0.15575079872204473
moyennes 105.0000, 0.3454, 0.0975, 0.1520

proba init 0.2 proba clean 0.3 omega 0.5
106	0.0	0.0	0
110	0.0	0.0	0
102	0.0	0.0	0
104	0.0	0.0	0
103	0.0	0.0	0
moyennes 105.0000, 0.0000, 0.0000, 0.0000

proba init 0.2 proba clean 0.35 omega 0.2
89	0.3595505617977528	0.08333333333333333	0.13530655391120508
94	0.3617021276595745	0.09558823529411764	0.1512145056448854
100	0.35	0.08823529411764706	0.14093959731543626
95	0.3473684210526316	0.0857843137254902	0.13759008874858542
90	0.35555555555555557	0.09068627450980392	0.14451360917856707
moyennes 93.6000, 0.3548, 0.0887, 0.1419

proba init 0.2 proba clean 0.35 omega 0.5
89	0.0	0.0	0
94	0.0	0.0	0
100	0.0	0.0	0
95	0.0	0.0	0
90	0.0	0.0	0
moyennes 93.6000, 0.0000, 0.0000, 0.0000

proba init 0.2 proba clean 0.4 omega 0.2
78	0.3076923076923077	0.06372549019607843	0.10558375634517767
87	0.367816091954023	0.0857843137254902	0.13912179367741132
85	0.35294117647058826	0.08088235294117647	0.13160518444666003
91	0.3956043956043956	0.09803921568627451	0.1571366215626364
89	0.33707865168539325	0.08823529411764706	0.13986013986013987
moyennes 86.0000, 0.3522, 0.0833, 0.1347

proba init 0.2 proba clean 0.4 omega 0.5
78	0.0	0.0	0
87	0.0	0.0	0
85	0.0	0.0	0
91	0.0	0.0	0
89	0.0	0.0	0
moyennes 86.0000, 0.0000, 0.0000, 0.0000

proba init 0.2 proba clean 0.45 omega 0.2
82	0.3170731707317073	0.06862745098039216	0.11283323000619963
79	0.31645569620253167	0.0661764705882353	0.10946241790318657
88	0.3522727272727273	0.08088235294117647	0.13155864197530864
82	0.3902439024390244	0.0857843137254902	0.14065050860228556
72	0.3888888888888889	0.0784313725490196	0.13053613053613053
moyennes 80.6000, 0.3530, 0.0760, 0.1250

proba init 0.2 proba clean 0.45 omega 0.5
82	0.0	0.0	0
79	0.0	0.0	0
88	0.0	0.0	0
82	0.0	0.0	0
72	0.0	0.0	0
moyennes 80.6000, 0.0000, 0.0000, 0.0000

proba init 0.2 proba clean 0.5 omega 0.2
74	0.36486486486486486	0.0784313725490196	0.12910938433950986
77	0.36363636363636365	0.0784313725490196	0.12903225806451613
72	0.2916666666666667	0.061274509803921566	0.10127314814814814
80	0.375	0.08333333333333333	0.13636363636363638
80	0.3625	0.08823529411764706	0.14192495921696577
moyennes 76.6000, 0.3515, 0.0779, 0.1275

proba init 0.2 proba clean 0.5 omega 0.5
74	0.0	0.0	0
77	0.0	0.0	0
72	0.0	0.0	0
80	0.0	0.0	0
80	0.0	0.0	0
moyennes 76.6000, 0.0000, 0.0000, 0.0000

proba init 0.25 proba clean 0.0 omega 0.2
233	0.3948497854077253	0.19362745098039216	0.2598359044026956
240	0.4	0.22794117647058823	0.2903981264637003
209	0.3588516746411483	0.1568627450980392	0.2183008913953065
227	0.3920704845814978	0.20588235294117646	0.2699891657638136
232	0.3879310344827586	0.20098039215686275	0.26478185993111364
moyennes 228.2000, 0.3867, 0.1971, 0.2607

proba init 0.25 proba clean 0.0 omega 0.5
233	0.0	0.0	0
240	0.0	0.0	0
209	0.0	0.0	0
227	0.0	0.0	0
232	0.0	0.0	0
moyennes 228.2000, 0.0000, 0.0000, 0.0000

proba init 0.25 proba clean 0.05 omega 0.2
237	0.3924050632911392	0.24019607843137256	0.29798921039725357
231	0.4329004329004329	0.22549019607843138	0.2965254947463418
227	0.42290748898678415	0.22549019607843138	0.2941450742689669
228	0.40789473684210525	0.22549019607843138	0.2904276985743381
233	0.44206008583690987	0.2181372549019608	0.2921240898009911
moyennes 231.2000, 0.4196, 0.2270, 0.2942

proba init 0.25 proba clean 0.05 omega 0.5
237	0.0	0.0	0
231	0.0	0.0	0
227	0.0	0.0	0
228	0.0	0.0	0
233	0.0	0.0	0
moyennes 231.2000, 0.0000, 0.0000, 0.0000

proba init 0.25 proba clean 0.1 omega 0.2
176	0.3693181818181818	0.1568627450980392	0.22019902604276945
195	0.4205128205128205	0.17401960784313725	0.24616815712141393
186	0.41935483870967744	0.18137254901960784	0.2532245327717821
194	0.38144329896907214	0.1715686274509804	0.23668098327698073
179	0.36312849162011174	0.16911764705882354	0.2307632939723702
moyennes 186.0000, 0.3908, 0.1706, 0.2374

proba init 0.25 proba clean 0.1 omega 0.5
176	0.0	0.0	0
195	0.0	0.0	0
186	0.0	0.0	0
194	0.0	0.0	0
179	0.0	0.0	0
moyennes 186.0000, 0.0000, 0.0000, 0.0000

proba init 0.25 proba clean 0.15 omega 0.2
160	0.41875	0.19117647058823528	0.2625075346594334
148	0.3310810810810811	0.12009803921568628	0.1762589928057554
155	0.3741935483870968	0.14215686274509803	0.20603907637655416
146	0.3561643835616438	0.12745098039215685	0.18772563176895304
154	0.37662337662337664	0.14705882352941177	0.21152443471918306
moyennes 152.6000, 0.3714, 0.1456, 0.2088

proba init 0.25 proba clean 0.15 omega 0.5
160	0.0	0.0	0
148	0.0	0.0	0
155	0.0	0.0	0
146	0.0	0.0	0
154	0.0	0.0	0
moyennes 152.6000, 0.0000, 0.0000, 0.0000

proba init 0.25 proba clean 0.2 omega 0.2
134	0.3656716417910448	0.12254901960784313	0.18357560317698185
130	0.38461538461538464	0.13970588235294118	0.20496224379719527
113	0.39823008849557523	0.12254901960784313	0.1874219075385256
130	0.36153846153846153	0.12254901960784313	0.18305031936438695
140	0.32857142857142857	0.11029411764705882	0.1651507898516036
moyennes 129.4000, 0.3677, 0.1235, 0.1848

proba init 0.25 proba clean 0.2 omega 0.5
134	0.0	0.0	0
130	0.0	0.0	0
113	0.0	0.0	0
130	0.0	0.0	0
140	0.0	0.0	0
moyennes 129.4000, 0.0000, 0.0000, 0.0000

proba init 0.25 proba clean 0.25 omega 0.2
118	0.3389830508474576	0.10784313725490197	0.16362960208255858
120	0.3333333333333333	0.10294117647058823	0.15730337078651682
120	0.38333333333333336	0.11764705882352941	0.18003913894324852
114	0.3508771929824561	0.09803921568627451	0.15325670498084293
moyennes 118.0000, 0.3516, 0.1066, 0.1636

proba init 0.25 proba clean 0.25 omega 0.5
118	0.0	0.0	0
120	0.0	0.0	0
120	0.0	0.0	0
114	0.0	0.0	0
moyennes 118.0000, 0.0000, 0.0000, 0.0000

proba init 0.4 proba clean 0.0 omega 0.2
171	0.38596491228070173	0.14705882352941177	0.21297192642787996
169	0.42011834319526625	0.20098039215686275	0.2718909073927054
194	0.4484536082474227	0.19117647058823528	0.2680730030812989
181	0.430939226519337	0.22303921568627452	0.2939434724091521
179	0.4134078212290503	0.18872549019607843	0.2591472427515634
moyennes 178.8000, 0.4198, 0.1902, 0.2612

proba init 0.4 proba clean 0.0 omega 0.5
171	0.0	0.0	0
169	0.0	0.0	0
194	0.0	0.0	0
181	0.0	0.0	0
179	0.0	0.0	0
moyennes 178.8000, 0.0000, 0.0000, 0.0000

proba init 0.4 proba clean 0.05 omega 0.2
185	0.3837837837837838	0.19362745098039216	0.25739393800335
183	0.40437158469945356	0.19117647058823528	0.25961408716772366
187	0.41711229946524064	0.17647058823529413	0.2480127186009539
166	0.42168674698795183	0.1642156862745098	0.23637921475732074
178	0.4157303370786517	0.20098039215686275	0.27096543717067073
moyennes 179.8000, 0.4085, 0.1853, 0.2545

proba init 0.4 proba clean 0.05 omega 0.5
185	0.0	0.0	0
183	0.0	0.0	0
187	0.0	0.0	0
166	0.0	0.0	0
178	0.0	0.0	0
moyennes 179.8000, 0.0000, 0.0000, 0.0000

proba init 0.4 proba clean 0.1 omega 0.2
195	0.4307692307692308	0.18137254901960784	0.25526672415917206
182	0.42857142857142855	0.17647058823529413	0.25
178	0.3595505617977528	0.1642156862745098	0.22545875177454125
171	0.391812865497076	0.16911764705882354	0.23625910310463782
175	0.4	0.16176470588235295	0.23036649214659688
moyennes 180.2000, 0.4021, 0.1706, 0.2395

proba init 0.4 proba clean 0.1 omega 0.5
195	0.0	0.0	0
182	0.0	0.0	0
178	0.0	0.0	0
171	0.0	0.0	0
175	0.0	0.0	0
moyennes 180.2000, 0.0000, 0.0000, 0.0000

proba init 0.4 proba clean 0.15 omega 0.2
160	0.38125	0.14705882352941177	0.21224773834377175
151	0.40397350993377484	0.14215686274509803	0.21030731736313382
158	0.379746835443038	0.1568627450980392	0.22201665124884365
137	0.36496350364963503	0.12990196078431374	0.19160550956219952
144	0.4236111111111111	0.15196078431372548	0.22368109770522826
moyennes 150.0000, 0.3907, 0.1456, 0.2120

proba init 0.4 proba clean 0.15 omega 0.5
160	0.0	0.0	0
151	0.0	0.0	0
158	0.0	0.0	0
137	0.0	0.0	0
144	0.0	0.0	0
moyennes 150.0000, 0.0000, 0.0000, 0.0000

proba init 0.4 proba clean 0.2 omega 0.2
126	0.3968253968253968	0.13725490196078433	0.20396270396270397
125	0.384	0.12009803921568628	0.18297094402738343
140	0.35	0.13970588235294118	0.1996996996996997
138	0.3695652173913043	0.12009803921568628	0.18128400435255712
133	0.42857142857142855	0.12990196078431374	0.1993730407523511
moyennes 132.4000, 0.3858, 0.1294, 0.1935

proba init 0.4 proba clean 0.2 omega 0.5
126	0.0	0.0	0
125	0.0	0.0	0
140	0.0	0.0	0
138	0.0	0.0	0
133	0.0	0.0	0
moyennes 132.4000, 0.0000, 0.0000, 0.0000

proba init 0.4 proba clean 0.25 omega 0.2
116	0.3706896551724138	0.11519607843137254	0.17576969907810056
108	0.3611111111111111	0.10784313725490197	0.16608594657375148
115	0.3130434782608696	0.09313725490196079	0.14356175884143144
126	0.3968253968253968	0.12009803921568628	0.1843907578836457
112	0.35714285714285715	0.10294117647058823	0.1598173515981735
moyennes 115.4000, 0.3598, 0.1078, 0.1659

proba init 0.4 proba clean 0.25 omega 0.5
116	0.0	0.0	0
108	0.0	0.0	0
115	0.0	0.0	0
126	0.0	0.0	0
112	0.0	0.0	0
moyennes 115.4000, 0.0000, 0.0000, 0.0000

proba init 0.4 proba clean 0.3 omega 0.2
96	0.4270833333333333	0.10784313725490197	0.17220313096601758
105	0.3523809523809524	0.09558823529411764	0.15038299202751287
95	0.4105263157894737	0.1053921568627451	0.16772515877381605
108	0.3611111111111111	0.09558823529411764	0.1511627906976744
96	0.34375	0.0857843137254902	0.13730385164051354
moyennes 100.0000, 0.3790, 0.0980, 0.1558

proba init 0.4 proba clean 0.3 omega 0.5
96	0.0	0.0	0
105	0.0	0.0	0
95	0.0	0.0	0
108	0.0	0.0	0
96	0.0	0.0	0
moyennes 100.0000, 0.0000, 0.0000, 0.0000

proba init 0.4 proba clean 0.35 omega 0.2
88	0.3409090909090909	0.07598039215686274	0.12426509887760555
92	0.32608695652173914	0.07352941176470588	0.12
87	0.3793103448275862	0.0857843137254902	0.13992367799382155
97	0.31958762886597936	0.08088235294117647	0.1290933181904221
93	0.3870967741935484	0.09068627450980392	0.14694688068839978
moyennes 91.4000, 0.3506, 0.0814, 0.1320

proba init 0.4 proba clean 0.35 omega 0.5
88	0.0	0.0	0
92	0.0	0.0	0
87	0.0	0.0	0
97	0.0	0.0	0
93	0.0	0.0	0
moyennes 91.4000, 0.0000, 0.0000, 0.0000

proba init 0.4 proba clean 0.4 omega 0.2
93	0.34408602150537637	0.09313725490196079	0.14659433393610607
84	0.35714285714285715	0.0784313725490196	0.12861736334405144
89	0.3146067415730337	0.0784313725490196	0.12556053811659193
88	0.32954545454545453	0.0857843137254902	0.13613197424892703
87	0.3563218390804598	0.09068627450980392	0.14457679460515535
moyennes 88.2000, 0.3403, 0.0853, 0.1363

proba init 0.4 proba clean 0.4 omega 0.5
93	0.0	0.0	0
84	0.0	0.0	0
89	0.0	0.0	0
88	0.0	0.0	0
87	0.0	0.0	0
moyennes 88.2000, 0.0000, 0.0000, 0.0000

proba init 0.4 proba clean 0.45 omega 0.2
80	0.325	0.07107843137254902	0.11664603960396039
77	0.33766233766233766	0.07352941176470588	0.12076172782164421
85	0.35294117647058826	0.08088235294117647	0.13160518444666003
84	0.36904761904761907	0.08333333333333333	0.13596491228070176
76	0.35526315789473684	0.07598039215686274	0.12518695782231526
moyennes 80.4000, 0.3480, 0.0770, 0.1260

proba init 0.4 proba clean 0.45 omega 0.5
80	0.0	0.0	0
77	0.0	0.0	0
85	0.0	0.0	0
84	0.0	0.0	0
76	0.0	0.0	0
moyennes 80.4000, 0.0000, 0.0000, 0.0000

proba init 0.4 proba clean 0.5 omega 0.2
81	0.3950617283950617	0.08333333333333333	0.13763440860215054
76	0.3815789473684211	0.07107843137254902	0.11983471074380166
77	0.35064935064935066	0.06862745098039216	0.11478894624962042
81	0.37037037037037035	0.0857843137254902	0.13930348258706465
75	0.3333333333333333	0.0661764705882353	0.11042944785276074
moyennes 78.0000, 0.3662, 0.0750, 0.1244

proba init 0.4 proba clean 0.5 omega 0.5
81	0.0	0.0	0
76	0.0	0.0	0
77	0.0	0.0	0
81	0.0	0.0	0
75	0.0	0.0	0
moyennes 78.0000, 0.0000, 0.0000, 0.0000

proba init 0.45 proba clean 0.0 omega 0.2
176	0.45454545454545453	0.19117647058823528	0.26915113871635604
166	0.43373493975903615	0.19117647058823528	0.26538134391834417
161	0.37267080745341613	0.16911764705882354	0.2326561578015679
179	0.40782122905027934	0.17401960784313725	0.2439460617042807
161	0.42857142857142855	0.18137254901960784	0.25487944890929964
moyennes 168.6000, 0.4195, 0.1814, 0.2532

proba init 0.45 proba clean 0.0 omega 0.5
176	0.0	0.0	0
166	0.0	0.0	0
161	0.0	0.0	0
179	0.0	0.0	0
161	0.0	0.0	0
moyennes 168.6000, 0.0000, 0.0000, 0.0000

proba init 0.45 proba clean 0.05 omega 0.2
173	0.4393063583815029	0.20098039215686275	0.2757888215249812
155	0.4129032258064516	0.1568627450980392	0.22735346358792183
180	0.43333333333333335	0.19607843137254902	0.2699896157840083
157	0.3885350318471338	0.17401960784313725	0.240377410850562
162	0.41358024691358025	0.18137254901960784	0.25216152985454177
moyennes 165.4000, 0.4175, 0.1819, 0.2531

proba init 0.45 proba clean 0.05 omega 0.5
173	0.0	0.0	0
155	0.0	0.0	0
180	0.0	0.0	0
157	0.0	0.0	0
162	0.0	0.0	0
moyennes 165.4000, 0.0000, 0.0000, 0.0000

proba init 0.45 proba clean 0.1 omega 0.2
184	0.3967391304347826	0.20098039215686275	0.26680335175610626
188	0.39893617021276595	0.17647058823529413	0.2446982055464927
165	0.3878787878787879	0.1568627450980392	0.22338568935427575
180	0.4222222222222222	0.20098039215686275	0.27233001223562314
171	0.4327485380116959	0.17647058823529413	0.25070581592320723
moyennes 177.6000, 0.4077, 0.1824, 0.2516

proba init 0.45 proba clean 0.1 omega 0.5
184	0.0	0.0	0
188	0.0	0.0	0
165	0.0	0.0	0
180	0.0	0.0	0
171	0.0	0.0	0
moyennes 177.6000, 0.0000, 0.0000, 0.0000

proba init 0.45 proba clean 0.15 omega 0.2
153	0.43137254901960786	0.15931372549019607	0.2326905866080872
152	0.40789473684210525	0.13725490196078433	0.20539517274017985
151	0.33774834437086093	0.11764705882352941	0.174508126603935
161	0.422360248447205	0.18627450980392157	0.2585292646323161
153	0.39869281045751637	0.15196078431372548	0.22005003781928198
moyennes 154.0000, 0.3996, 0.1505, 0.2182

proba init 0.45 proba clean 0.15 omega 0.5
153	0.0	0.0	0
152	0.0	0.0	0
151	0.0	0.0	0
161	0.0	0.0	0
153	0.0	0.0	0
moyennes 154.0000, 0.0000, 0.0000, 0.0000

proba init 0.45 proba clean 0.2 omega 0.2
118	0.3389830508474576	0.09803921568627451	0.1520912547528517
124	0.3629032258064516	0.11519607843137254	0.1748801058376054
128	0.375	0.125	0.1875
130	0.45384615384615384	0.15196078431372548	0.2276857960911241
135	0.31851851851851853	0.11764705882352941	0.1718281718281718
moyennes 127.0000, 0.3699, 0.1216, 0.1828

proba init 0.45 proba clean 0.2 omega 0.5
118	0.0	0.0	0
124	0.0	0.0	0
128	0.0	0.0	0
130	0.0	0.0	0
135	0.0	0.0	0
moyennes 127.0000, 0.0000, 0.0000, 0.0000

proba init 0.45 proba clean 0.25 omega 0.2
118	0.3305084745762712	0.10294117647058823	0.1569867740080506
112	0.32142857142857145	0.09803921568627451	0.15025041736227043
119	0.40336134453781514	0.125	0.1908548707753479
121	0.371900826446281	0.12254901960784313	0.1843506759524785
127	0.41732283464566927	0.13480392156862744	0.203782026634975
moyennes 119.4000, 0.3689, 0.1167, 0.1772

proba init 0.45 proba clean 0.25 omega 0.5
118	0.0	0.0	0
112	0.0	0.0	0
119	0.0	0.0	0
121	0.0	0.0	0
127	0.0	0.0	0
moyennes 119.4000, 0.0000, 0.0000, 0.0000

proba init 0.45 proba clean 0.3 omega 0.2
102	0.38235294117647056	0.10049019607843138	0.15915198566736338
101	0.3564356435643564	0.10049019607843138	0.15677943597641936
97	0.29896907216494845	0.0784313725490196	0.1242635243706481
110	0.38181818181818183	0.11274509803921569	0.17408542079653994
97	0.29896907216494845	0.07598039215686274	0.12116719455488914
moyennes 101.4000, 0.3437, 0.0936, 0.1471

proba init 0.45 proba clean 0.3 omega 0.5
102	0.0	0.0	0
101	0.0	0.0	0
97	0.0	0.0	0
110	0.0	0.0	0
97	0.0	0.0	0
moyennes 101.4000, 0.0000, 0.0000, 0.0000

proba init 0.45 proba clean 0.35 omega 0.2
91	0.32967032967032966	0.08088235294117647	0.12989568982483765
105	0.37142857142857144	0.09803921568627451	0.15513126491646778
95	0.3684210526315789	0.09068627450980392	0.1455465018263557
100	0.35	0.09068627450980392	0.14404894327030032
91	0.3516483516483517	0.08823529411764706	0.14107274063188832
moyennes 96.4000, 0.3542, 0.0897, 0.1431

proba init 0.45 proba clean 0.35 omega 0.5
91	0.0	0.0	0
105	0.0	0.0	0
95	0.0	0.0	0
100	0.0	0.0	0
91	0.0	0.0	0
moyennes 96.4000, 0.0000, 0.0000, 0.0000

proba init 0.45 proba clean 0.4 omega 0.2
88	0.42045454545454547	0.09803921568627451	0.15900300816501933
76	0.3157894736842105	0.06372549019607843	0.10605030591434397
84	0.34523809523809523	0.07598039215686274	0.12454973676918812
83	0.30120481927710846	0.0661764705882353	0.10851217747769472
85	0.3411764705882353	0.07352941176470588	0.12098456403838131
moyennes 83.2000, 0.3448, 0.0755, 0.1238

proba init 0.45 proba clean 0.4 omega 0.5
88	0.0	0.0	0
76	0.0	0.0	0
84	0.0	0.0	0
83	0.0	0.0	0
85	0.0	0.0	0
moyennes 83.2000, 0.0000, 0.0000, 0.0000

proba init 0.45 proba clean 0.45 omega 0.2
82	0.36585365853658536	0.08333333333333333	0.13574660633484165
79	0.3670886075949367	0.08088235294117647	0.1325576563473925
80	0.325	0.0661764705882353	0.1099624060150376
80	0.3375	0.07598039215686274	0.12403675163011262
85	0.3176470588235294	0.06862745098039216	0.11286951328754855
moyennes 81.2000, 0.3426, 0.0750, 0.1230

proba init 0.45 proba clean 0.45 omega 0.5
82	0.0	0.0	0
79	0.0	0.0	0
80	0.0	0.0	0
80	0.0	0.0	0
85	0.0	0.0	0
moyennes 81.2000, 0.0000, 0.0000, 0.0000

proba init 0.45 proba clean 0.5 omega 0.2
77	0.3246753246753247	0.06862745098039216	0.11330527678860475
72	0.3472222222222222	0.0661764705882353	0.11116600790513834
77	0.35064935064935066	0.07107843137254902	0.11819759981885425
81	0.35802469135802467	0.07598039215686274	0.12535731715819562
83	0.37349397590361444	0.0857843137254902	0.13952292162283803
moyennes 78.0000, 0.3508, 0.0735, 0.1215

proba init 0.45 proba clean 0.5 omega 0.5
77	0.0	0.0	0
72	0.0	0.0	0
77	0.0	0.0	0
81	0.0	0.0	0
83	0.0	0.0	0
moyennes 78.0000, 0.0000, 0.0000, 0.0000

proba init 0.5 proba clean 0.0 omega 0.2
161	0.42857142857142855	0.15931372549019607	0.23228111971411555
154	0.42207792207792205	0.16666666666666666	0.2389705882352941
148	0.47297297297297297	0.17892156862745098	0.25962808657656744
150	0.36	0.13970588235294118	0.2012948793407887
154	0.37662337662337664	0.1642156862745098	0.22870931669707492
moyennes 153.4000, 0.4120, 0.1618, 0.2322

proba init 0.5 proba clean 0.0 omega 0.5
161	0.0	0.0	0
154	0.0	0.0	0
148	0.0	0.0	0
150	0.0	0.0	0
154	0.0	0.0	0
moyennes 153.4000, 0.0000, 0.0000, 0.0000

proba init 0.5 proba clean 0.05 omega 0.2
148	0.39864864864864863	0.14950980392156862	0.21746223564954684
152	0.42105263157894735	0.1568627450980392	0.22857142857142856
162	0.4012345679012346	0.14215686274509803	0.20993429112373316
151	0.4370860927152318	0.16911764705882354	0.24387501004096715
154	0.4025974025974026	0.16176470588235295	0.2307952622673435
moyennes 153.4000, 0.4121, 0.1559, 0.2261

proba init 0.5 proba clean 0.05 omega 0.5
148	0.0	0.0	0
152	0.0	0.0	0
162	0.0	0.0	0
151	0.0	0.0	0
154	0.0	0.0	0
moyennes 153.4000, 0.0000, 0.0000, 0.0000

proba init 0.5 proba clean 0.1 omega 0.2
170	0.3764705882352941	0.1642156862745098	0.22868113700602635
180	0.42777777777777776	0.17647058823529413	0.24986479177934018
160	0.375	0.15196078431372548	0.21627906976744182
177	0.4406779661016949	0.20588235294117646	0.28064764841942946
168	0.39285714285714285	0.17401960784313725	0.24119827053736873
moyennes 171.0000, 0.4026, 0.1745, 0.2433

proba init 0.5 proba clean 0.1 omega 0.5
170	0.0	0.0	0
180	0.0	0.0	0
160	0.0	0.0	0
177	0.0	0.0	0
168	0.0	0.0	0
moyennes 171.0000, 0.0000, 0.0000, 0.0000

proba init 0.5 proba clean 0.15 omega 0.2
147	0.3945578231292517	0.15931372549019607	0.22697853637978263
154	0.42857142857142855	0.18137254901960784	0.25487944890929964
137	0.40145985401459855	0.125	0.19064124783362216
158	0.310126582278481	0.1323529411764706	0.18552797644089192
152	0.4144736842105263	0.16176470588235295	0.232706514439221
moyennes 149.6000, 0.3898, 0.1520, 0.2181

proba init 0.5 proba clean 0.15 omega 0.5
147	0.0	0.0	0
154	0.0	0.0	0
137	0.0	0.0	0
158	0.0	0.0	0
152	0.0	0.0	0
moyennes 149.6000, 0.0000, 0.0000, 0.0000

proba init 0.5 proba clean 0.2 omega 0.2
128	0.34375	0.11029411764705882	0.16700404858299595
133	0.39849624060150374	0.13480392156862744	0.2014582397456719
129	0.3488372093023256	0.11274509803921569	0.17041244751790566
129	0.3488372093023256	0.10784313725490197	0.16475287069395905
129	0.3643410852713178	0.125	0.18613861386138614
moyennes 129.6000, 0.3609, 0.1181, 0.1780

proba init 0.5 proba clean 0.2 omega 0.5
128	0.0	0.0	0
133	0.0	0.0	0
129	0.0	0.0	0
129	0.0	0.0	0
129	0.0	0.0	0
moyennes 129.6000, 0.0000, 0.0000, 0.0000

proba init 0.5 proba clean 0.25 omega 0.2
106	0.32075471698113206	0.08333333333333333	0.13229571984435798
115	0.3652173913043478	0.11274509803921569	0.17230000891821992
112	0.36607142857142855	0.1323529411764706	0.19441517386722865
114	0.39473684210526316	0.11519607843137254	0.17834556033392357
108	0.3055555555555556	0.09068627450980392	0.13986254295532646
moyennes 111.0000, 0.3505, 0.1069, 0.1634

proba init 0.5 proba clean 0.25 omega 0.5
106	0.0	0.0	0
115	0.0	0.0	0
112	0.0	0.0	0
114	0.0	0.0	0
108	0.0	0.0	0
moyennes 111.0000, 0.0000, 0.0000, 0.0000

proba init 0.5 proba clean 0.3 omega 0.2
102	0.38235294117647056	0.10049019607843138	0.15915198566736338
96	0.3125	0.07107843137254902	0.115814696485623
104	0.33653846153846156	0.08823529411764706	0.13981358189081225
105	0.4095238095238095	0.1053921568627451	0.1676413255360624
102	0.37254901960784315	0.09803921568627451	0.15522875816993467
moyennes 101.8000, 0.3627, 0.0926, 0.1475

proba init 0.5 proba clean 0.3 omega 0.5
102	0.0	0.0	0
96	0.0	0.0	0
104	0.0	0.0	0
105	0.0	0.0	0
102	0.0	0.0	0
moyennes 101.8000, 0.0000, 0.0000, 0.0000

proba init 0.5 proba clean 0.35 omega 0.2
89	0.29213483146067415	0.07107843137254902	0.11433770566381073
91	0.38461538461538464	0.08823529411764706	0.14354066985645933
89	0.38202247191011235	0.08823529411764706	0.14335910049191847
90	0.3333333333333333	0.08333333333333333	0.13333333333333333
90	0.2777777777777778	0.07107843137254902	0.11319281811085091
moyennes 89.8000, 0.3340, 0.0804, 0.1296

proba init 0.5 proba clean 0.35 omega 0.5
89	0.0	0.0	0
91	0.0	0.0	0
89	0.0	0.0	0
90	0.0	0.0	0
90	0.0	0.0	0
moyennes 89.8000, 0.0000, 0.0000, 0.0000

proba init 0.5 proba clean 0.4 omega 0.2
87	0.3793103448275862	0.08823529411764706	0.14316702819956617
88	0.36363636363636365	0.09313725490196079	0.14829268292682926
87	0.3448275862068966	0.08333333333333333	0.1342281879194631
90	0.36666666666666664	0.08823529411764706	0.14224137931034483
85	0.36470588235294116	0.08333333333333333	0.13566739606126915
moyennes 87.4000, 0.3638, 0.0873, 0.1407

proba init 0.5 proba clean 0.4 omega 0.5
87	0.0	0.0	0
88	0.0	0.0	0
87	0.0	0.0	0
90	0.0	0.0	0
85	0.0	0.0	0
moyennes 87.4000, 0.0000, 0.0000, 0.0000

proba init 0.5 proba clean 0.45 omega 0.2
72	0.3611111111111111	0.07352941176470588	0.12218045112781954
78	0.28205128205128205	0.06372549019607843	0.103962195565249
78	0.3076923076923077	0.0661764705882353	0.10892586989409984
81	0.345679012345679	0.07352941176470588	0.12126461671719359
91	0.3516483516483517	0.08333333333333333	0.13473684210526315
moyennes 80.0000, 0.3296, 0.0721, 0.1182

proba init 0.5 proba clean 0.45 omega 0.5
72	0.0	0.0	0
78	0.0	0.0	0
78	0.0	0.0	0
81	0.0	0.0	0
91	0.0	0.0	0
moyennes 80.0000, 0.0000, 0.0000, 0.0000

proba init 0.5 proba clean 0.5 omega 0.2
73	0.3835616438356164	0.0784313725490196	0.13023255813953488
84	0.34523809523809523	0.0784313725490196	0.1278236914600551
75	0.4266666666666667	0.0857843137254902	0.1428480326509789
75	0.32	0.061274509803921566	0.10285420416559526
81	0.3333333333333333	0.07107843137254902	0.11717171717171716
moyennes 77.6000, 0.3618, 0.0750, 0.1242

proba init 0.5 proba clean 0.5 omega 0.5
73	0.0	0.0	0
84	0.0	0.0	0
75	0.0	0.0	0
75	0.0	0.0	0
81	0.0	0.0	0
moyennes 77.6000, 0.0000, 0.0000, 0.0000

