Communities	Precision	Recall	F-score
proba init 0.0 proba clean 0.0 omega 0.2
759	0.14492753623188406	0.24509803921568626	0.18214936247723135
763	0.15727391874180865	0.2647058823529412	0.19731433269388873
765	0.1568627450980392	0.2647058823529412	0.19699042407660738
745	0.1436241610738255	0.2965686274509804	0.19352620682954538
761	0.15768725361366623	0.27205882352941174	0.19965375362546933
752	0.1422872340425532	0.25735294117647056	0.18325504012526914
740	0.14324324324324325	0.24509803921568626	0.18081331877729256
746	0.12734584450402145	0.21568627450980393	0.16014098536510615
743	0.14670255720053835	0.2769607843137255	0.1918072739447641
739	0.14614343707713126	0.25245098039215685	0.18512077616262138
722	0.1523545706371191	0.2549019607843137	0.19071752467324618
moyennes 748.6364, 0.1471, 0.2587, 0.1874

proba init 0.0 proba clean 0.0 omega 0.5
759	0.0	0.0	0
763	0.0	0.0	0
765	0.0	0.0	0
745	0.0	0.0	0
761	0.0	0.0	0
752	0.0	0.0	0
740	0.0	0.0	0
746	0.0	0.0	0
743	0.0	0.0	0
739	0.0	0.0	0
722	0.0	0.0	0
moyennes 748.6364, 0.0000, 0.0000, 0.0000

proba init 0.0 proba clean 0.05 omega 0.2
392	0.21683673469387754	0.17401960784313725	0.19308292807780905
367	0.25340599455040874	0.21568627450980393	0.23302961275626424
369	0.1978319783197832	0.17647058823529413	0.18654173764906304
371	0.2183288409703504	0.17892156862745098	0.19667060251783605
379	0.21372031662269128	0.16666666666666666	0.18728323699421964
moyennes 375.6000, 0.2200, 0.1824, 0.1993

proba init 0.0 proba clean 0.05 omega 0.5
392	0.0	0.0	0
367	0.0	0.0	0
369	0.0	0.0	0
371	0.0	0.0	0
379	0.0	0.0	0
moyennes 375.6000, 0.0000, 0.0000, 0.0000

proba init 0.0 proba clean 0.1 omega 0.2
276	0.19927536231884058	0.125	0.15363128491620112
277	0.23826714801444043	0.1568627450980392	0.18917950555356502
279	0.17921146953405018	0.12009803921568628	0.1438173226497608
293	0.22184300341296928	0.14215686274509803	0.17327756584087878
287	0.2229965156794425	0.14950980392156862	0.17900456223205483
moyennes 282.4000, 0.2123, 0.1387, 0.1678

proba init 0.0 proba clean 0.1 omega 0.5
276	0.0	0.0	0
277	0.0	0.0	0
279	0.0	0.0	0
293	0.0	0.0	0
287	0.0	0.0	0
moyennes 282.4000, 0.0000, 0.0000, 0.0000

proba init 0.0 proba clean 0.15 omega 0.2
220	0.21818181818181817	0.11029411764705882	0.1465201465201465
215	0.24186046511627907	0.11519607843137254	0.1560614284345966
208	0.1778846153846154	0.09558823529411764	0.12435367114788001
211	0.16587677725118483	0.08088235294117647	0.1087417031492727
223	0.22869955156950672	0.12009803921568628	0.1574917283756105
moyennes 215.4000, 0.2065, 0.1044, 0.1386

proba init 0.0 proba clean 0.15 omega 0.5
220	0.0	0.0	0
215	0.0	0.0	0
208	0.0	0.0	0
211	0.0	0.0	0
223	0.0	0.0	0
moyennes 215.4000, 0.0000, 0.0000, 0.0000

proba init 0.0 proba clean 0.2 omega 0.2
193	0.20207253886010362	0.10294117647058823	0.13639770172370722
172	0.22674418604651161	0.09313725490196079	0.1320384889522452
187	0.20855614973262032	0.10294117647058823	0.137843978793234
183	0.2185792349726776	0.09803921568627451	0.1353637901861252
176	0.2215909090909091	0.10049019607843138	0.13827395364925632
moyennes 182.2000, 0.2155, 0.0995, 0.1360

proba init 0.0 proba clean 0.2 omega 0.5
193	0.0	0.0	0
172	0.0	0.0	0
187	0.0	0.0	0
183	0.0	0.0	0
176	0.0	0.0	0
moyennes 182.2000, 0.0000, 0.0000, 0.0000

proba init 0.0 proba clean 0.25 omega 0.2
152	0.19736842105263158	0.07598039215686274	0.10972156677678149
157	0.22929936305732485	0.08333333333333333	0.12224108658743633
152	0.17105263157894737	0.058823529411764705	0.08754208754208755
157	0.21019108280254778	0.08333333333333333	0.11934900542495479
149	0.21476510067114093	0.0784313725490196	0.11490125673249552
moyennes 153.4000, 0.2045, 0.0760, 0.1108

proba init 0.0 proba clean 0.25 omega 0.5
152	0.0	0.0	0
157	0.0	0.0	0
152	0.0	0.0	0
157	0.0	0.0	0
149	0.0	0.0	0
moyennes 153.4000, 0.0000, 0.0000, 0.0000

proba init 0.0 proba clean 0.3 omega 0.2
124	0.20161290322580644	0.06862745098039216	0.10239906377998828
129	0.13178294573643412	0.03676470588235294	0.05749070003381806
141	0.20567375886524822	0.07352941176470588	0.10833022039596564
131	0.19083969465648856	0.061274509803921566	0.0927643784786642
139	0.2446043165467626	0.08088235294117647	0.12156671542337072
moyennes 132.8000, 0.1949, 0.0642, 0.0965

proba init 0.0 proba clean 0.3 omega 0.5
124	0.0	0.0	0
129	0.0	0.0	0
141	0.0	0.0	0
131	0.0	0.0	0
139	0.0	0.0	0
moyennes 132.8000, 0.0000, 0.0000, 0.0000

proba init 0.0 proba clean 0.35 omega 0.2
113	0.168141592920354	0.04656862745098039	0.07293666026871401
120	0.18333333333333332	0.06372549019607843	0.09457671957671956
117	0.23076923076923078	0.06862745098039216	0.10579345088161209
122	0.20491803278688525	0.0661764705882353	0.10004446420631392
113	0.23008849557522124	0.06862745098039216	0.1057217542840546
moyennes 117.0000, 0.2035, 0.0627, 0.0958

proba init 0.0 proba clean 0.35 omega 0.5
113	0.0	0.0	0
120	0.0	0.0	0
117	0.0	0.0	0
122	0.0	0.0	0
113	0.0	0.0	0
moyennes 117.0000, 0.0000, 0.0000, 0.0000

proba init 0.0 proba clean 0.4 omega 0.2
98	0.19387755102040816	0.051470588235294115	0.08134556574923547
102	0.22549019607843138	0.058823529411764705	0.09330628803245437
103	0.18446601941747573	0.04656862745098039	0.07436399217221135
103	0.1650485436893204	0.041666666666666664	0.06653620352250489
92	0.1956521739130435	0.04656862745098039	0.07523097228332601
moyennes 99.6000, 0.1929, 0.0490, 0.0782

proba init 0.0 proba clean 0.4 omega 0.5
98	0.0	0.0	0
102	0.0	0.0	0
103	0.0	0.0	0
103	0.0	0.0	0
92	0.0	0.0	0
moyennes 99.6000, 0.0000, 0.0000, 0.0000

proba init 0.0 proba clean 0.45 omega 0.2
93	0.13978494623655913	0.03676470588235294	0.05821764442454097
94	0.1595744680851064	0.0392156862745098	0.06295907660020986
95	0.23157894736842105	0.056372549019607844	0.09067287877430337
93	0.22580645161290322	0.05392156862745098	0.08705483323911815
88	0.19318181818181818	0.04411764705882353	0.07183098591549296
moyennes 92.6000, 0.1900, 0.0461, 0.0741

proba init 0.0 proba clean 0.45 omega 0.5
93	0.0	0.0	0
94	0.0	0.0	0
95	0.0	0.0	0
93	0.0	0.0	0
88	0.0	0.0	0
moyennes 92.6000, 0.0000, 0.0000, 0.0000

proba init 0.0 proba clean 0.5 omega 0.2
86	0.2558139534883721	0.058823529411764705	0.09565217391304347
80	0.2	0.0392156862745098	0.06557377049180327
94	0.22340425531914893	0.05392156862745098	0.08687476494922904
93	0.1935483870967742	0.04411764705882353	0.0718562874251497
92	0.22826086956521738	0.05392156862745098	0.0872356495468278
moyennes 89.0000, 0.2202, 0.0500, 0.0814

proba init 0.0 proba clean 0.5 omega 0.5
86	0.0	0.0	0
80	0.0	0.0	0
94	0.0	0.0	0
93	0.0	0.0	0
92	0.0	0.0	0
moyennes 89.0000, 0.0000, 0.0000, 0.0000

proba init 0.05 proba clean 0.05 omega 0.2
383	0.2349869451697128	0.18382352941176472	0.206280082512033
381	0.2388451443569554	0.20588235294117646	0.22114216281895502
371	0.215633423180593	0.18627450980392157	0.19988164902360445
400	0.2075	0.18872549019607843	0.19766794506989976
391	0.23785166240409208	0.22058823529411764	0.22889490524243172
364	0.2032967032967033	0.17892156862745098	0.19033190050031712
394	0.23604060913705585	0.2034313725490196	0.21852617274863403
374	0.22459893048128343	0.18382352941176472	0.20217579666891305
399	0.2556390977443609	0.20833333333333334	0.22957461174881835
369	0.22764227642276422	0.20098039215686275	0.21348210134821013
194	0.25773195876288657	0.10784313725490197	0.15205971799834117
351	0.20797720797720798	0.1715686274509804	0.18802664017367626
369	0.21951219512195122	0.19117647058823528	0.20436681222707423
392	0.22704081632653061	0.20098039215686275	0.21321724903587705
371	0.20485175202156333	0.1715686274509804	0.1867387412685598
368	0.20380434782608695	0.1715686274509804	0.18630234208658622
382	0.2356020942408377	0.22303921568627452	0.22914859684955655
387	0.21963824289405684	0.1715686274509804	0.19265015379634126
370	0.22972972972972974	0.18872549019607843	0.20721861643185058
moyennes 368.9474, 0.2257, 0.1873, 0.2036

proba init 0.05 proba clean 0.05 omega 0.5
383	0.0	0.0	0
381	0.0	0.0	0
371	0.0	0.0	0
400	0.0	0.0	0
391	0.0	0.0	0
364	0.0	0.0	0
394	0.0	0.0	0
374	0.0	0.0	0
399	0.0	0.0	0
369	0.0	0.0	0
194	0.0	0.0	0
351	0.0	0.0	0
369	0.0	0.0	0
392	0.0	0.0	0
371	0.0	0.0	0
368	0.0	0.0	0
382	0.0	0.0	0
387	0.0	0.0	0
370	0.0	0.0	0
moyennes 368.9474, 0.0000, 0.0000, 0.0000

proba init 0.05 proba clean 0.1 omega 0.2
295	0.22033898305084745	0.1568627450980392	0.18325991189427315
256	0.21875	0.125	0.1590909090909091
281	0.21708185053380782	0.15441176470588236	0.18046066070296543
285	0.2	0.12745098039215685	0.15568862275449102
285	0.2596491228070175	0.18627450980392157	0.21692509449973
moyennes 280.4000, 0.2232, 0.1500, 0.1791

proba init 0.05 proba clean 0.1 omega 0.5
295	0.0	0.0	0
256	0.0	0.0	0
281	0.0	0.0	0
285	0.0	0.0	0
285	0.0	0.0	0
moyennes 280.4000, 0.0000, 0.0000, 0.0000

proba init 0.05 proba clean 0.15 omega 0.2
223	0.20179372197309417	0.11029411764705882	0.14263074484944532
222	0.25225225225225223	0.13480392156862744	0.17570882537509272
201	0.16417910447761194	0.08333333333333333	0.11055276381909547
209	0.22488038277511962	0.11274509803921569	0.15019103855505384
240	0.23333333333333334	0.1323529411764706	0.16890080428954424
moyennes 219.0000, 0.2153, 0.1147, 0.1496

proba init 0.05 proba clean 0.15 omega 0.5
223	0.0	0.0	0
222	0.0	0.0	0
201	0.0	0.0	0
209	0.0	0.0	0
240	0.0	0.0	0
moyennes 219.0000, 0.0000, 0.0000, 0.0000

proba init 0.05 proba clean 0.2 omega 0.2
193	0.23834196891191708	0.11519607843137254	0.15532167103703434
156	0.19230769230769232	0.07352941176470588	0.10638297872340427
169	0.1952662721893491	0.07598039215686274	0.10939421483184515
180	0.19444444444444445	0.0784313725490196	0.1117764471057884
182	0.22527472527472528	0.1053921568627451	0.14360185713122098
moyennes 176.0000, 0.2091, 0.0897, 0.1253

proba init 0.05 proba clean 0.2 omega 0.5
193	0.0	0.0	0
156	0.0	0.0	0
169	0.0	0.0	0
180	0.0	0.0	0
182	0.0	0.0	0
moyennes 176.0000, 0.0000, 0.0000, 0.0000

proba init 0.05 proba clean 0.25 omega 0.2
155	0.2064516129032258	0.0857843137254902	0.12120556246956335
145	0.21379310344827587	0.07107843137254902	0.10668723669376372
162	0.19135802469135801	0.07598039215686274	0.10877192982456141
158	0.22151898734177214	0.0857843137254902	0.12367491166077739
169	0.21893491124260356	0.09068627450980392	0.12824956672443674
moyennes 157.8000, 0.2104, 0.0819, 0.1177

proba init 0.05 proba clean 0.25 omega 0.5
155	0.0	0.0	0
145	0.0	0.0	0
162	0.0	0.0	0
158	0.0	0.0	0
169	0.0	0.0	0
moyennes 157.8000, 0.0000, 0.0000, 0.0000

proba init 0.05 proba clean 0.3 omega 0.2
133	0.18045112781954886	0.058823529411764705	0.088724584103512
121	0.17355371900826447	0.051470588235294115	0.07939508506616257
136	0.23529411764705882	0.08088235294117647	0.12038303693570453
132	0.23484848484848486	0.08088235294117647	0.12032462949894143
137	0.16058394160583941	0.05392156862745098	0.08073394495412844
moyennes 131.8000, 0.1969, 0.0652, 0.0979

proba init 0.05 proba clean 0.3 omega 0.5
133	0.0	0.0	0
121	0.0	0.0	0
136	0.0	0.0	0
132	0.0	0.0	0
137	0.0	0.0	0
moyennes 131.8000, 0.0000, 0.0000, 0.0000

proba init 0.05 proba clean 0.35 omega 0.2
116	0.1724137931034483	0.04656862745098039	0.07333076032419915
109	0.1743119266055046	0.04656862745098039	0.0735009671179884
118	0.15254237288135594	0.04411764705882353	0.06844106463878327
112	0.20535714285714285	0.061274509803921566	0.09438608010505581
127	0.2125984251968504	0.07352941176470588	0.10926750303520841
moyennes 116.4000, 0.1834, 0.0544, 0.0838

proba init 0.05 proba clean 0.35 omega 0.5
116	0.0	0.0	0
109	0.0	0.0	0
118	0.0	0.0	0
112	0.0	0.0	0
127	0.0	0.0	0
moyennes 116.4000, 0.0000, 0.0000, 0.0000

proba init 0.05 proba clean 0.4 omega 0.2
106	0.20754716981132076	0.051470588235294115	0.08248527048741297
106	0.22641509433962265	0.061274509803921566	0.09644751647645074
105	0.17142857142857143	0.05392156862745098	0.08203853325046613
100	0.2	0.051470588235294115	0.08187134502923976
103	0.20388349514563106	0.056372549019607844	0.0883240376702935
moyennes 104.0000, 0.2019, 0.0549, 0.0862

proba init 0.05 proba clean 0.4 omega 0.5
106	0.0	0.0	0
106	0.0	0.0	0
105	0.0	0.0	0
100	0.0	0.0	0
103	0.0	0.0	0
moyennes 104.0000, 0.0000, 0.0000, 0.0000

proba init 0.05 proba clean 0.45 omega 0.2
94	0.19148936170212766	0.04411764705882353	0.07171314741035856
94	0.22340425531914893	0.05392156862745098	0.08687476494922904
98	0.21428571428571427	0.051470588235294115	0.08300395256916995
95	0.18947368421052632	0.041666666666666664	0.0683111954459203
89	0.2247191011235955	0.049019607843137254	0.08048289738430583
moyennes 94.0000, 0.2087, 0.0480, 0.0781

proba init 0.05 proba clean 0.45 omega 0.5
94	0.0	0.0	0
94	0.0	0.0	0
98	0.0	0.0	0
95	0.0	0.0	0
89	0.0	0.0	0
moyennes 94.0000, 0.0000, 0.0000, 0.0000

proba init 0.05 proba clean 0.50 omega 0.2
91	0.21978021978021978	0.051470588235294115	0.08340780458742926
91	0.23076923076923078	0.049019607843137254	0.08086253369272237
83	0.25301204819277107	0.05392156862745098	0.0888974408312488
86	0.19767441860465115	0.041666666666666664	0.06882591093117409
83	0.1927710843373494	0.041666666666666664	0.06852248394004282
moyennes 86.8000, 0.2188, 0.0475, 0.0781

proba init 0.05 proba clean 0.50 omega 0.5
91	0.0	0.0	0
91	0.0	0.0	0
83	0.0	0.0	0
86	0.0	0.0	0
83	0.0	0.0	0
moyennes 86.8000, 0.0000, 0.0000, 0.0000

proba init 0.1 proba clean 0.05 omega 0.2
396	0.20959595959595959	0.17401960784313725	0.19015811552113585
373	0.20107238605898123	0.17892156862745098	0.18935136350274084
385	0.21558441558441557	0.17647058823529413	0.19407638347622758
390	0.24102564102564103	0.19362745098039216	0.21474219947369944
387	0.2248062015503876	0.16911764705882354	0.19302561134423385
moyennes 386.2000, 0.2184, 0.1784, 0.1963

proba init 0.1 proba clean 0.05 omega 0.5
396	0.0	0.0	0
373	0.0	0.0	0
385	0.0	0.0	0
390	0.0	0.0	0
387	0.0	0.0	0
moyennes 386.2000, 0.0000, 0.0000, 0.0000

proba init 0.1 proba clean 0.1 omega 0.2
167	0.25748502994011974	0.09803921568627451	0.14200792602377807
164	0.22560975609756098	0.0784313725490196	0.1163979551710578
167	0.2634730538922156	0.09068627450980392	0.1349301728067631
173	0.23699421965317918	0.0857843137254902	0.12597111881666156
159	0.25157232704402516	0.08333333333333333	0.12519561815336464
147	0.17687074829931973	0.06862745098039216	0.0988861722358055
171	0.2222222222222222	0.09313725490196079	0.13126079447322972
173	0.28901734104046245	0.11764705882352941	0.16722408026755853
141	0.2695035460992908	0.08333333333333333	0.1273031825795645
173	0.2658959537572254	0.10784313725490197	0.15344958301743744
178	0.21910112359550563	0.08333333333333333	0.12074303405572755
moyennes 164.8182, 0.2434, 0.0900, 0.1312

proba init 0.1 proba clean 0.1 omega 0.5
167	0.0	0.0	0
164	0.0	0.0	0
167	0.0	0.0	0
173	0.0	0.0	0
159	0.0	0.0	0
147	0.0	0.0	0
171	0.0	0.0	0
173	0.0	0.0	0
141	0.0	0.0	0
173	0.0	0.0	0
178	0.0	0.0	0
moyennes 164.8182, 0.0000, 0.0000, 0.0000

proba init 0.1 proba clean 0.15 omega 0.2
222	0.21621621621621623	0.11274509803921569	0.1482078131292791
226	0.26548672566371684	0.15441176470588236	0.19525801952580196
202	0.20297029702970298	0.12254901960784313	0.15282540629193378
223	0.20179372197309417	0.1053921568627451	0.13846649253998353
224	0.21875	0.12254901960784313	0.1570915619389587
moyennes 219.4000, 0.2210, 0.1235, 0.1584

proba init 0.1 proba clean 0.15 omega 0.5
222	0.0	0.0	0
226	0.0	0.0	0
202	0.0	0.0	0
223	0.0	0.0	0
224	0.0	0.0	0
moyennes 219.4000, 0.0000, 0.0000, 0.0000

proba init 0.1 proba clean 0.2 omega 0.2
185	0.23783783783783785	0.1053921568627451	0.14606091017871617
161	0.19254658385093168	0.0784313725490196	0.11146067415730339
187	0.1711229946524064	0.08088235294117647	0.10984552972382587
174	0.21264367816091953	0.09068627450980392	0.12714776632302408
181	0.20994475138121546	0.1053921568627451	0.14033580967922019
moyennes 177.6000, 0.2048, 0.0922, 0.1270

proba init 0.1 proba clean 0.2 omega 0.5
185	0.0	0.0	0
161	0.0	0.0	0
187	0.0	0.0	0
174	0.0	0.0	0
181	0.0	0.0	0
moyennes 177.6000, 0.0000, 0.0000, 0.0000

proba init 0.1 proba clean 0.25 omega 0.2
160	0.16875	0.07107843137254902	0.10002554931016863
150	0.21333333333333335	0.09313725490196079	0.1296651738110471
145	0.22758620689655173	0.08333333333333333	0.12199630314232902
148	0.1891891891891892	0.07352941176470588	0.10590015128593042
151	0.2119205298013245	0.0784313725490196	0.1144901610017889
moyennes 150.8000, 0.2022, 0.0799, 0.1144

proba init 0.1 proba clean 0.25 omega 0.5
160	0.0	0.0	0
150	0.0	0.0	0
145	0.0	0.0	0
148	0.0	0.0	0
151	0.0	0.0	0
moyennes 150.8000, 0.0000, 0.0000, 0.0000

proba init 0.1 proba clean 0.3 omega 0.2
140	0.17142857142857143	0.061274509803921566	0.09027986758952752
125	0.192	0.056372549019607844	0.0871556011683903
122	0.21311475409836064	0.06372549019607843	0.09811320754716979
136	0.23529411764705882	0.07598039215686274	0.11486799444187122
137	0.1678832116788321	0.05392156862745098	0.08162606872076142
moyennes 132.0000, 0.1959, 0.0623, 0.0944

proba init 0.1 proba clean 0.3 omega 0.5
140	0.0	0.0	0
125	0.0	0.0	0
122	0.0	0.0	0
136	0.0	0.0	0
137	0.0	0.0	0
moyennes 132.0000, 0.0000, 0.0000, 0.0000

proba init 0.1 proba clean 0.35 omega 0.2
115	0.19130434782608696	0.051470588235294115	0.08111667105609692
116	0.20689655172413793	0.061274509803921566	0.09454774661203909
116	0.22413793103448276	0.058823529411764705	0.09318996415770608
120	0.2	0.058823529411764705	0.0909090909090909
117	0.17094017094017094	0.04656862745098039	0.0731965713185014
moyennes 116.8000, 0.1987, 0.0554, 0.0866

proba init 0.1 proba clean 0.35 omega 0.5
115	0.0	0.0	0
116	0.0	0.0	0
116	0.0	0.0	0
120	0.0	0.0	0
117	0.0	0.0	0
moyennes 116.8000, 0.0000, 0.0000, 0.0000

proba init 0.1 proba clean 0.4 omega 0.2
97	0.18556701030927836	0.049019607843137254	0.07755277897457993
107	0.205607476635514	0.056372549019607844	0.08848474250240447
106	0.18867924528301888	0.051470588235294115	0.08087810514153668
98	0.15306122448979592	0.0392156862745098	0.06243496357960458
111	0.2072072072072072	0.061274509803921566	0.09458014639361789
moyennes 103.8000, 0.1880, 0.0515, 0.0808

proba init 0.1 proba clean 0.4 omega 0.5
97	0.0	0.0	0
107	0.0	0.0	0
106	0.0	0.0	0
98	0.0	0.0	0
111	0.0	0.0	0
moyennes 103.8000, 0.0000, 0.0000, 0.0000

proba init 0.1 proba clean 0.45 omega 0.2
89	0.1348314606741573	0.029411764705882353	0.048289738430583505
96	0.1875	0.04411764705882353	0.07142857142857142
97	0.20618556701030927	0.049019607843137254	0.07920792079207921
98	0.1836734693877551	0.049019607843137254	0.07738607050730868
91	0.21978021978021978	0.049019607843137254	0.08016032064128256
moyennes 94.2000, 0.1864, 0.0441, 0.0713

proba init 0.1 proba clean 0.45 omega 0.5
89	0.0	0.0	0
96	0.0	0.0	0
97	0.0	0.0	0
98	0.0	0.0	0
91	0.0	0.0	0
moyennes 94.2000, 0.0000, 0.0000, 0.0000

proba init 0.15 proba clean 0.05 omega 0.2
377	0.20954907161803712	0.17892156862745098	0.19302796512309006
365	0.21095890410958903	0.17647058823529413	0.19217970049916805
379	0.18469656992084432	0.14215686274509803	0.160658462269004
402	0.22388059701492538	0.19852941176470587	0.21044427123928294
374	0.1925133689839572	0.1642156862745098	0.17724216482345592
moyennes 379.4000, 0.2043, 0.1721, 0.1867

proba init 0.15 proba clean 0.05 omega 0.5
377	0.0	0.0	0
365	0.0	0.0	0
379	0.0	0.0	0
402	0.0	0.0	0
374	0.0	0.0	0
moyennes 379.4000, 0.0000, 0.0000, 0.0000

proba init 0.15 proba clean 0.1 omega 0.2
281	0.2206405693950178	0.14705882352941177	0.1764873327640194
290	0.2413793103448276	0.16176470588235295	0.19371069182389938
266	0.22180451127819548	0.14950980392156862	0.1786192863169388
284	0.2323943661971831	0.15931372549019607	0.1890367498017097
274	0.20072992700729927	0.11029411764705882	0.14236410698878343
moyennes 279.0000, 0.2234, 0.1456, 0.1760

proba init 0.15 proba clean 0.1 omega 0.5
281	0.0	0.0	0
290	0.0	0.0	0
266	0.0	0.0	0
284	0.0	0.0	0
274	0.0	0.0	0
moyennes 279.0000, 0.0000, 0.0000, 0.0000

proba init 0.15 proba clean 0.15 omega 0.2
226	0.22123893805309736	0.12009803921568628	0.15568405668170554
229	0.2183406113537118	0.12254901960784313	0.15698587127158556
203	0.22167487684729065	0.12254901960784313	0.1578393546124167
219	0.2237442922374429	0.11274509803921569	0.14993680569413956
231	0.2077922077922078	0.12990196078431374	0.15986426618908472
221	0.22624434389140272	0.125	0.16103059581320453
213	0.20187793427230047	0.11029411764705882	0.14265177485347785
227	0.19823788546255505	0.10784313725490197	0.13969239452518697
232	0.2025862068965517	0.10784313725490197	0.1407568744895181
209	0.23923444976076555	0.12745098039215685	0.16630420877574514
140	0.2357142857142857	0.06862745098039216	0.1063046479521399
236	0.21610169491525424	0.125	0.15838509316770188
212	0.16037735849056603	0.09558823529411764	0.11978319783197833
237	0.20253164556962025	0.10049019607843138	0.13432988635200163
216	0.20833333333333334	0.12009803921568628	0.152363184079602
226	0.19911504424778761	0.11029411764705882	0.1419558359621451
moyennes 217.3125, 0.2114, 0.1129, 0.1465

proba init 0.15 proba clean 0.15 omega 0.5
226	0.0	0.0	0
229	0.0	0.0	0
203	0.0	0.0	0
219	0.0	0.0	0
231	0.0	0.0	0
221	0.0	0.0	0
213	0.0	0.0	0
227	0.0	0.0	0
232	0.0	0.0	0
209	0.0	0.0	0
140	0.0	0.0	0
236	0.0	0.0	0
212	0.0	0.0	0
237	0.0	0.0	0
216	0.0	0.0	0
226	0.0	0.0	0
moyennes 217.3125, 0.0000, 0.0000, 0.0000

proba init 0.15 proba clean 0.2 omega 0.2
196	0.19387755102040816	0.09803921568627451	0.13022618231665525
185	0.22162162162162163	0.09803921568627451	0.13594164456233424
190	0.21052631578947367	0.09313725490196079	0.12914188615123195
180	0.22777777777777777	0.11274509803921569	0.15083173384516954
169	0.1834319526627219	0.08088235294117647	0.11226337448559671
moyennes 184.0000, 0.2074, 0.0966, 0.1317

proba init 0.15 proba clean 0.2 omega 0.5
196	0.0	0.0	0
185	0.0	0.0	0
190	0.0	0.0	0
180	0.0	0.0	0
169	0.0	0.0	0
moyennes 184.0000, 0.0000, 0.0000, 0.0000

proba init 0.15 proba clean 0.25 omega 0.2
165	0.22424242424242424	0.08333333333333333	0.12151067323481117
158	0.17721518987341772	0.07352941176470588	0.10393466963622865
167	0.19760479041916168	0.07598039215686274	0.10975806018990396
153	0.12418300653594772	0.049019607843137254	0.07029226785053644
158	0.17088607594936708	0.0661764705882353	0.09540636042402827
moyennes 160.2000, 0.1788, 0.0696, 0.1002

proba init 0.15 proba clean 0.25 omega 0.5
165	0.0	0.0	0
158	0.0	0.0	0
167	0.0	0.0	0
153	0.0	0.0	0
158	0.0	0.0	0
moyennes 160.2000, 0.0000, 0.0000, 0.0000

proba init 0.15 proba clean 0.3 omega 0.2
131	0.19083969465648856	0.058823529411764705	0.08992805755395684
120	0.2	0.061274509803921566	0.09380863039399624
139	0.23741007194244604	0.0784313725490196	0.11790978115230014
133	0.18796992481203006	0.061274509803921566	0.09242144177449167
134	0.16417910447761194	0.05392156862745098	0.08118081180811808
moyennes 131.4000, 0.1961, 0.0627, 0.0950

proba init 0.15 proba clean 0.3 omega 0.5
131	0.0	0.0	0
120	0.0	0.0	0
139	0.0	0.0	0
133	0.0	0.0	0
134	0.0	0.0	0
moyennes 131.4000, 0.0000, 0.0000, 0.0000

proba init 0.15 proba clean 0.35 omega 0.2
107	0.19626168224299065	0.056372549019607844	0.08758726992474386
117	0.2222222222222222	0.06862745098039216	0.10486891385767792
118	0.17796610169491525	0.051470588235294115	0.07984790874524714
114	0.22807017543859648	0.0661764705882353	0.10258658483121438
103	0.21359223300970873	0.056372549019607844	0.08920229175848392
126	0.19047619047619047	0.061274509803921566	0.09272137227630968
moyennes 114.1667, 0.2048, 0.0600, 0.0928

proba init 0.15 proba clean 0.35 omega 0.5
107	0.0	0.0	0
117	0.0	0.0	0
118	0.0	0.0	0
114	0.0	0.0	0
103	0.0	0.0	0
126	0.0	0.0	0
moyennes 114.1667, 0.0000, 0.0000, 0.0000

proba init 0.15 proba clean 0.4 omega 0.2
113	0.23008849557522124	0.06372549019607843	0.09980806142034547
100	0.23	0.061274509803921566	0.09676876472568159
116	0.1896551724137931	0.058823529411764705	0.08979591836734693
103	0.21359223300970873	0.058823529411764705	0.09224318658280924
106	0.18867924528301888	0.051470588235294115	0.08087810514153668
moyennes 107.6000, 0.2104, 0.0588, 0.0919

proba init 0.15 proba clean 0.4 omega 0.5
113	0.0	0.0	0
100	0.0	0.0	0
116	0.0	0.0	0
103	0.0	0.0	0
106	0.0	0.0	0
moyennes 107.6000, 0.0000, 0.0000, 0.0000

proba init 0.15 proba clean 0.45 omega 0.2
94	0.23404255319148937	0.058823529411764705	0.09401709401709402
86	0.20930232558139536	0.04411764705882353	0.07287449392712553
100	0.19	0.051470588235294115	0.08099878197320341
95	0.25263157894736843	0.061274509803921566	0.09862743486479822
91	0.21978021978021978	0.051470588235294115	0.08340780458742926
moyennes 93.2000, 0.2212, 0.0534, 0.0860

proba init 0.15 proba clean 0.45 omega 0.5
94	0.0	0.0	0
86	0.0	0.0	0
100	0.0	0.0	0
95	0.0	0.0	0
91	0.0	0.0	0
moyennes 93.2000, 0.0000, 0.0000, 0.0000

proba init 0.15 proba clean 0.5 omega 0.2
93	0.20430107526881722	0.04411764705882353	0.07256524506683641
92	0.1956521739130435	0.049019607843137254	0.07839721254355402
89	0.19101123595505617	0.041666666666666664	0.06841046277665995
92	0.21739130434782608	0.051470588235294115	0.08323424494649227
91	0.17582417582417584	0.0392156862745098	0.06412825651302606
moyennes 91.4000, 0.1968, 0.0451, 0.0733

proba init 0.15 proba clean 0.5 omega 0.5
93	0.0	0.0	0
92	0.0	0.0	0
89	0.0	0.0	0
92	0.0	0.0	0
91	0.0	0.0	0
moyennes 91.4000, 0.0000, 0.0000, 0.0000

proba init 0.2 proba clean 0.05 omega 0.2
373	0.21179624664879357	0.16666666666666666	0.18654073199527746
390	0.21794871794871795	0.18137254901960784	0.19798552093169655
369	0.21680216802168023	0.18872549019607843	0.20179188573862053
382	0.21204188481675393	0.17892156862745098	0.1940788394000066
330	0.22121212121212122	0.15931372549019607	0.18522855915993286
413	0.2324455205811138	0.21323529411764705	0.22242639715575438
367	0.23160762942779292	0.18872549019607843	0.20797915441935844
moyennes 374.8571, 0.2206, 0.1824, 0.1994

proba init 0.2 proba clean 0.05 omega 0.5
373	0.0	0.0	0
390	0.0	0.0	0
369	0.0	0.0	0
382	0.0	0.0	0
330	0.0	0.0	0
413	0.0	0.0	0
367	0.0	0.0	0
moyennes 374.8571, 0.0000, 0.0000, 0.0000

proba init 0.2 proba clean 0.1 omega 0.2
276	0.2210144927536232	0.14460784313725492	0.17482755270572237
264	0.17803030303030304	0.11029411764705882	0.13620556414219473
270	0.1962962962962963	0.1323529411764706	0.1581040768975804
295	0.18983050847457628	0.13970588235294118	0.1609560547613645
280	0.2392857142857143	0.15196078431372548	0.18587793091104346
283	0.22614840989399293	0.14460784313725492	0.17641150225419888
294	0.2108843537414966	0.12745098039215685	0.15888034693475261
286	0.1958041958041958	0.13725490196078433	0.1613832853025937
273	0.21245421245421245	0.14705882352941177	0.17380881030866047
moyennes 280.1111, 0.2077, 0.1373, 0.1652

proba init 0.2 proba clean 0.1 omega 0.5
276	0.0	0.0	0
264	0.0	0.0	0
270	0.0	0.0	0
295	0.0	0.0	0
280	0.0	0.0	0
283	0.0	0.0	0
294	0.0	0.0	0
286	0.0	0.0	0
273	0.0	0.0	0
moyennes 280.1111, 0.0000, 0.0000, 0.0000

proba init 0.2 proba clean 0.15 omega 0.2
217	0.18433179723502305	0.09313725490196079	0.12374826996662056
230	0.21304347826086956	0.11029411764705882	0.14534308878781885
222	0.20270270270270271	0.11029411764705882	0.14285714285714288
227	0.21585903083700442	0.11274509803921569	0.1481238088979431
211	0.2132701421800948	0.1053921568627451	0.1410709729158313
214	0.2102803738317757	0.12745098039215685	0.1587086272381986
229	0.17903930131004367	0.1053921568627451	0.13268109125117591
240	0.2375	0.13725490196078433	0.17396991497710923
246	0.22357723577235772	0.11029411764705882	0.1477170993733214
218	0.21559633027522937	0.12745098039215685	0.1601992658626114
moyennes 225.4000, 0.2095, 0.1140, 0.1474

proba init 0.2 proba clean 0.15 omega 0.5
217	0.0	0.0	0
230	0.0	0.0	0
222	0.0	0.0	0
227	0.0	0.0	0
211	0.0	0.0	0
214	0.0	0.0	0
229	0.0	0.0	0
240	0.0	0.0	0
246	0.0	0.0	0
218	0.0	0.0	0
moyennes 225.4000, 0.0000, 0.0000, 0.0000

proba init 0.2 proba clean 0.2 omega 0.2
189	0.20634920634920634	0.09558823529411764	0.13065326633165827
173	0.2138728323699422	0.09313725490196079	0.12976465159206277
174	0.23563218390804597	0.09803921568627451	0.13846673421141506
177	0.24858757062146894	0.09558823529411764	0.1380808690404345
199	0.17587939698492464	0.08823529411764706	0.11751538891997763
173	0.21965317919075145	0.09558823529411764	0.13320749629230144
190	0.21578947368421053	0.10294117647058823	0.13938805245264693
181	0.20441988950276244	0.09558823529411764	0.13026404874746103
173	0.2023121387283237	0.08333333333333333	0.11804384485666106
189	0.19576719576719576	0.0857843137254902	0.11929436691078257
181	0.27624309392265195	0.125	0.1721170395869191
179	0.18994413407821228	0.08333333333333333	0.11584327086882451
185	0.16216216216216217	0.08088235294117647	0.10793131643499593
165	0.22424242424242424	0.08823529411764706	0.12664004563605247
174	0.19540229885057472	0.08088235294117647	0.11440807586417864
194	0.2268041237113402	0.09313725490196079	0.1320486495024483
185	0.21621621621621623	0.09313725490196079	0.13019271948608138
190	0.20526315789473684	0.0857843137254902	0.12099991135537629
182	0.2032967032967033	0.09068627450980392	0.12542372881355932
188	0.22340425531914893	0.10784313725490197	0.14546599496221663
195	0.2153846153846154	0.1053921568627451	0.14153050429058422
moyennes 182.6667, 0.2122, 0.0937, 0.1299

proba init 0.2 proba clean 0.2 omega 0.5
189	0.0	0.0	0
173	0.0	0.0	0
174	0.0	0.0	0
177	0.0	0.0	0
199	0.0	0.0	0
173	0.0	0.0	0
190	0.0	0.0	0
181	0.0	0.0	0
173	0.0	0.0	0
189	0.0	0.0	0
181	0.0	0.0	0
179	0.0	0.0	0
185	0.0	0.0	0
165	0.0	0.0	0
174	0.0	0.0	0
194	0.0	0.0	0
185	0.0	0.0	0
190	0.0	0.0	0
182	0.0	0.0	0
188	0.0	0.0	0
195	0.0	0.0	0
moyennes 182.6667, 0.0000, 0.0000, 0.0000

proba init 0.2 proba clean 0.25 omega 0.2
149	0.20134228187919462	0.07598039215686274	0.11032682840026097
153	0.20261437908496732	0.07352941176470588	0.10790114862513052
143	0.18181818181818182	0.0661764705882353	0.09703504043126686
151	0.17880794701986755	0.07107843137254902	0.10172133809678467
158	0.18354430379746836	0.07598039215686274	0.10747160789001793
146	0.1643835616438356	0.0661764705882353	0.0943643512450852
moyennes 150.0000, 0.1854, 0.0715, 0.1031

proba init 0.2 proba clean 0.25 omega 0.5
149	0.0	0.0	0
153	0.0	0.0	0
143	0.0	0.0	0
151	0.0	0.0	0
158	0.0	0.0	0
146	0.0	0.0	0
moyennes 150.0000, 0.0000, 0.0000, 0.0000

proba init 0.2 proba clean 0.3 omega 0.2
141	0.2624113475177305	0.0857843137254902	0.12929958564225452
130	0.15384615384615385	0.056372549019607844	0.08251121076233184
134	0.20149253731343283	0.07107843137254902	0.10508656556166958
145	0.21379310344827587	0.07107843137254902	0.10668723669376372
143	0.22377622377622378	0.0784313725490196	0.11615245009074408
moyennes 138.6000, 0.2111, 0.0725, 0.1079

proba init 0.2 proba clean 0.3 omega 0.5
141	0.0	0.0	0
130	0.0	0.0	0
134	0.0	0.0	0
145	0.0	0.0	0
143	0.0	0.0	0
moyennes 138.6000, 0.0000, 0.0000, 0.0000

proba init 0.2 proba clean 0.35 omega 0.2
118	0.1694915254237288	0.049019607843137254	0.07604562737642585
106	0.1792452830188679	0.041666666666666664	0.06761565836298933
112	0.17857142857142858	0.0661764705882353	0.09656652360515021
120	0.175	0.05392156862745098	0.08244111349036402
106	0.16981132075471697	0.051470588235294115	0.07899686520376174
moyennes 112.4000, 0.1744, 0.0525, 0.0803

proba init 0.2 proba clean 0.35 omega 0.5
118	0.0	0.0	0
106	0.0	0.0	0
112	0.0	0.0	0
120	0.0	0.0	0
106	0.0	0.0	0
moyennes 112.4000, 0.0000, 0.0000, 0.0000

proba init 0.2 proba clean 0.4 omega 0.2
104	0.20192307692307693	0.049019607843137254	0.07888805409466566
111	0.17117117117117117	0.051470588235294115	0.07914311216899732
113	0.17699115044247787	0.05392156862745098	0.08266015404846891
105	0.18095238095238095	0.04656862745098039	0.07407407407407407
96	0.17708333333333334	0.04411764705882353	0.07063711911357341
moyennes 105.8000, 0.1816, 0.0490, 0.0771

proba init 0.2 proba clean 0.4 omega 0.5
104	0.0	0.0	0
111	0.0	0.0	0
113	0.0	0.0	0
105	0.0	0.0	0
96	0.0	0.0	0
moyennes 105.8000, 0.0000, 0.0000, 0.0000

proba init 0.2 proba clean 0.45 omega 0.2
98	0.1836734693877551	0.049019607843137254	0.07738607050730868
97	0.25773195876288657	0.061274509803921566	0.09900990099009899
93	0.23655913978494625	0.056372549019607844	0.09104813315339631
101	0.2079207920792079	0.056372549019607844	0.08869708933982187
93	0.1827956989247312	0.041666666666666664	0.06786427145708583
moyennes 96.4000, 0.2137, 0.0529, 0.0848

proba init 0.2 proba clean 0.45 omega 0.5
98	0.0	0.0	0
97	0.0	0.0	0
93	0.0	0.0	0
101	0.0	0.0	0
93	0.0	0.0	0
moyennes 96.4000, 0.0000, 0.0000, 0.0000

proba init 0.2 proba clean 0.5 omega 0.2
87	0.21839080459770116	0.049019607843137254	0.08006742520016856
93	0.1827956989247312	0.04656862745098039	0.07422727795013215
87	0.25287356321839083	0.056372549019607844	0.09219276669399654
91	0.18681318681318682	0.04411764705882353	0.07137858642407277
92	0.18478260869565216	0.04656862745098039	0.07438968217411332
moyennes 90.0000, 0.2051, 0.0485, 0.0785

proba init 0.2 proba clean 0.5 omega 0.5
87	0.0	0.0	0
93	0.0	0.0	0
87	0.0	0.0	0
91	0.0	0.0	0
92	0.0	0.0	0
moyennes 90.0000, 0.0000, 0.0000, 0.0000

proba init 0.25 proba clean 0.05 omega 0.2
369	0.2032520325203252	0.16176470588235295	0.18015067147068461
396	0.25757575757575757	0.2034313725490196	0.22732398904462703
351	0.22507122507122507	0.17401960784313725	0.19628016027155182
401	0.24438902743142144	0.22549019607843138	0.23455955044487228
364	0.19505494505494506	0.1568627450980392	0.1738864227766723
376	0.23138297872340424	0.18872549019607843	0.2078885302879841
384	0.20572916666666666	0.19117647058823528	0.19818602856040138
365	0.2684931506849315	0.22794117647058823	0.24656088950208985
373	0.21179624664879357	0.1715686274509804	0.18957183504165095
383	0.19843342036553524	0.17892156862745098	0.18817304594095002
moyennes 376.2000, 0.2241, 0.1880, 0.2043

proba init 0.25 proba clean 0.05 omega 0.5
369	0.0	0.0	0
396	0.0	0.0	0
351	0.0	0.0	0
401	0.0	0.0	0
364	0.0	0.0	0
376	0.0	0.0	0
384	0.0	0.0	0
365	0.0	0.0	0
373	0.0	0.0	0
383	0.0	0.0	0
moyennes 376.2000, 0.0000, 0.0000, 0.0000

proba init 0.25 proba clean 0.1 omega 0.2
273	0.23809523809523808	0.1323529411764706	0.17013232514177692
293	0.21160409556313994	0.13970588235294118	0.1682977355525395
275	0.22545454545454546	0.15196078431372548	0.18155197657393848
280	0.20357142857142857	0.1323529411764706	0.16041275797373358
276	0.21014492753623187	0.12745098039215685	0.15867003367003366
260	0.22692307692307692	0.13725490196078433	0.17104990681300478
272	0.23529411764705882	0.15441176470588236	0.18645948945615984
moyennes 275.5714, 0.2216, 0.1394, 0.1709

proba init 0.25 proba clean 0.1 omega 0.5
273	0.0	0.0	0
293	0.0	0.0	0
275	0.0	0.0	0
280	0.0	0.0	0
276	0.0	0.0	0
260	0.0	0.0	0
272	0.0	0.0	0
moyennes 275.5714, 0.0000, 0.0000, 0.0000

proba init 0.25 proba clean 0.2 omega 0.2
169	0.20118343195266272	0.07598039215686274	0.1103029668777144
187	0.1711229946524064	0.0784313725490196	0.10756302521008403
171	0.21052631578947367	0.09558823529411764	0.13147914032869784
175	0.2342857142857143	0.09313725490196079	0.13328770639062365
175	0.18285714285714286	0.07598039215686274	0.10735349818732752
moyennes 175.4000, 0.2000, 0.0838, 0.1180

proba init 0.25 proba clean 0.2 omega 0.5
169	0.0	0.0	0
187	0.0	0.0	0
171	0.0	0.0	0
175	0.0	0.0	0
175	0.0	0.0	0
moyennes 175.4000, 0.0000, 0.0000, 0.0000

proba init 0.25 proba clean 0.25 omega 0.2
162	0.2222222222222222	0.09068627450980392	0.12880765883376846
148	0.25	0.09313725490196079	0.1357142857142857
152	0.20394736842105263	0.07352941176470588	0.10808926080892609
147	0.19047619047619047	0.0661764705882353	0.09822646657571625
160	0.1875	0.08823529411764706	0.12
167	0.2215568862275449	0.08823529411764706	0.12620807276861853
152	0.21052631578947367	0.08088235294117647	0.11686586985391767
150	0.21333333333333335	0.07598039215686274	0.11205241161188298
151	0.2185430463576159	0.0857843137254902	0.12320657101712092
162	0.24074074074074073	0.09313725490196079	0.13431212615551932
143	0.26573426573426573	0.0857843137254902	0.12969915646789212
moyennes 154.0000, 0.2204, 0.0838, 0.1212

proba init 0.25 proba clean 0.25 omega 0.5
162	0.0	0.0	0
148	0.0	0.0	0
152	0.0	0.0	0
147	0.0	0.0	0
160	0.0	0.0	0
167	0.0	0.0	0
152	0.0	0.0	0
150	0.0	0.0	0
151	0.0	0.0	0
162	0.0	0.0	0
143	0.0	0.0	0
moyennes 154.0000, 0.0000, 0.0000, 0.0000

proba init 0.25 proba clean 0.3 omega 0.2
141	0.19858156028368795	0.08088235294117647	0.11494681843627544
139	0.2158273381294964	0.07598039215686274	0.11239349809656171
141	0.19858156028368795	0.07107843137254902	0.1046863920582737
131	0.1984732824427481	0.06372549019607843	0.09647495361781075
134	0.22388059701492538	0.08333333333333333	0.12145748987854249
moyennes 137.2000, 0.2071, 0.0750, 0.1100

proba init 0.25 proba clean 0.3 omega 0.5
141	0.0	0.0	0
139	0.0	0.0	0
141	0.0	0.0	0
131	0.0	0.0	0
134	0.0	0.0	0
moyennes 137.2000, 0.0000, 0.0000, 0.0000

proba init 0.25 proba clean 0.35 omega 0.2
124	0.24193548387096775	0.0784313725490196	0.11846001974333661
124	0.1693548387096774	0.051470588235294115	0.07894736842105263
132	0.19696969696969696	0.07107843137254902	0.10446106954835133
116	0.19827586206896552	0.058823529411764705	0.09072978303747534
120	0.20833333333333334	0.06372549019607843	0.09759759759759758
moyennes 123.2000, 0.2030, 0.0647, 0.0980

proba init 0.25 proba clean 0.35 omega 0.5
124	0.0	0.0	0
124	0.0	0.0	0
132	0.0	0.0	0
116	0.0	0.0	0
120	0.0	0.0	0
moyennes 123.2000, 0.0000, 0.0000, 0.0000

proba init 0.25 proba clean 0.4 omega 0.2
105	0.24761904761904763	0.07107843137254902	0.11045191532996412
113	0.17699115044247787	0.049019607843137254	0.07677543186180423
98	0.19387755102040816	0.05392156862745098	0.0843762616067824
108	0.24074074074074073	0.07107843137254902	0.10975254730713245
110	0.19090909090909092	0.051470588235294115	0.08108108108108109
moyennes 106.8000, 0.2100, 0.0593, 0.0925

proba init 0.25 proba clean 0.4 omega 0.5
105	0.0	0.0	0
113	0.0	0.0	0
98	0.0	0.0	0
108	0.0	0.0	0
110	0.0	0.0	0
moyennes 106.8000, 0.0000, 0.0000, 0.0000

proba init 0.25 proba clean 0.45 omega 0.2
101	0.2079207920792079	0.05392156862745098	0.08563484708063021
110	0.20909090909090908	0.061274509803921566	0.09477501236195814
96	0.21875	0.051470588235294115	0.08333333333333334
91	0.18681318681318682	0.04411764705882353	0.07137858642407277
91	0.1978021978021978	0.04656862745098039	0.07538851537528933
moyennes 97.8000, 0.2041, 0.0515, 0.0821

proba init 0.25 proba clean 0.45 omega 0.5
101	0.0	0.0	0
110	0.0	0.0	0
96	0.0	0.0	0
91	0.0	0.0	0
91	0.0	0.0	0
moyennes 97.8000, 0.0000, 0.0000, 0.0000

proba init 0.3 proba clean 0.05 omega 0.2
360	0.20555555555555555	0.16666666666666666	0.18407960199004972
315	0.21587301587301588	0.18627450980392157	0.1999845213218791
325	0.2153846153846154	0.16176470588235295	0.1847630473905219
379	0.22955145118733508	0.20588235294117646	0.21707360541792908
333	0.22522522522522523	0.18382352941176472	0.20242914979757085
moyennes 342.4000, 0.2183, 0.1809, 0.1977

proba init 0.3 proba clean 0.05 omega 0.5
360	0.0	0.0	0
315	0.0	0.0	0
325	0.0	0.0	0
379	0.0	0.0	0
333	0.0	0.0	0
moyennes 342.4000, 0.0000, 0.0000, 0.0000

proba init 0.3 proba clean 0.1 omega 0.2
288	0.21180555555555555	0.13725490196078433	0.16656914374878098
288	0.19444444444444445	0.12009803921568628	0.1484848484848485
303	0.2376237623762376	0.16911764705882354	0.1976015750850188
303	0.22112211221122113	0.1568627450980392	0.1835302174285225
289	0.21107266435986158	0.1568627450980392	0.17997418403097912
moyennes 294.2000, 0.2152, 0.1480, 0.1752

proba init 0.3 proba clean 0.1 omega 0.5
288	0.0	0.0	0
288	0.0	0.0	0
303	0.0	0.0	0
303	0.0	0.0	0
289	0.0	0.0	0
moyennes 294.2000, 0.0000, 0.0000, 0.0000

proba init 0.3 proba clean 0.15 omega 0.2
206	0.18446601941747573	0.08823529411764706	0.11937172774869112
217	0.2672811059907834	0.12990196078431374	0.17483293047063841
232	0.23706896551724138	0.1323529411764706	0.169869595058339
223	0.22869955156950672	0.125	0.16164817749603802
231	0.19913419913419914	0.12254901960784313	0.15172504782637378
moyennes 221.8000, 0.2233, 0.1196, 0.1555

proba init 0.3 proba clean 0.15 omega 0.5
206	0.0	0.0	0
217	0.0	0.0	0
232	0.0	0.0	0
223	0.0	0.0	0
231	0.0	0.0	0
moyennes 221.8000, 0.0000, 0.0000, 0.0000

proba init 0.3 proba clean 0.2 omega 0.2
179	0.1787709497206704	0.07598039215686274	0.10663800053748992
194	0.1958762886597938	0.10294117647058823	0.13495687468290207
167	0.25149700598802394	0.11029411764705882	0.1533406352683461
183	0.16939890710382513	0.08823529411764706	0.11603243917654399
183	0.18579234972677597	0.08823529411764706	0.11964809384164224
moyennes 181.2000, 0.1963, 0.0931, 0.1261

proba init 0.3 proba clean 0.2 omega 0.5
179	0.0	0.0	0
194	0.0	0.0	0
167	0.0	0.0	0
183	0.0	0.0	0
183	0.0	0.0	0
moyennes 181.2000, 0.0000, 0.0000, 0.0000

proba init 0.3 proba clean 0.25 omega 0.2
143	0.17482517482517482	0.058823529411764705	0.08802816901408451
148	0.17567567567567569	0.061274509803921566	0.09085826111266423
161	0.18633540372670807	0.07107843137254902	0.10290377905257556
154	0.16883116883116883	0.061274509803921566	0.08991561765112739
158	0.17088607594936708	0.07352941176470588	0.10281797410510282
166	0.24096385542168675	0.09803921568627451	0.1393728222996516
149	0.20134228187919462	0.07598039215686274	0.11032682840026097
145	0.23448275862068965	0.08333333333333333	0.12296564195298372
163	0.19631901840490798	0.07598039215686274	0.1095587829256171
156	0.19230769230769232	0.07598039215686274	0.10892480674631061
moyennes 154.3000, 0.1942, 0.0735, 0.1066

proba init 0.3 proba clean 0.25 omega 0.5
143	0.0	0.0	0
148	0.0	0.0	0
161	0.0	0.0	0
154	0.0	0.0	0
158	0.0	0.0	0
166	0.0	0.0	0
149	0.0	0.0	0
145	0.0	0.0	0
163	0.0	0.0	0
156	0.0	0.0	0
moyennes 154.3000, 0.0000, 0.0000, 0.0000

proba init 0.3 proba clean 0.3 omega 0.2
130	0.2076923076923077	0.0661764705882353	0.10037174721189591
130	0.17692307692307693	0.058823529411764705	0.08829174664107486
134	0.21641791044776118	0.07107843137254902	0.1070110701107011
113	0.19469026548672566	0.056372549019607844	0.08742980561555076
131	0.21374045801526717	0.0784313725490196	0.11475409836065574
136	0.20588235294117646	0.06862745098039216	0.10294117647058823
126	0.1984126984126984	0.061274509803921566	0.09363295880149813
134	0.23134328358208955	0.07352941176470588	0.11159107271418287
148	0.19594594594594594	0.06372549019607843	0.09617346938775509
149	0.22818791946308725	0.0857843137254902	0.12469219887881804
148	0.1554054054054054	0.051470588235294115	0.07732949087415945
150	0.2	0.06862745098039216	0.10218978102189781
122	0.16393442622950818	0.05392156862745098	0.08115086683880487
139	0.20863309352517986	0.07352941176470588	0.10873640794900638
142	0.2323943661971831	0.0784313725490196	0.11728120835184362
130	0.2	0.0661764705882353	0.0994475138121547
147	0.19047619047619047	0.07352941176470588	0.10610079575596817
117	0.2222222222222222	0.061274509803921566	0.09606147934678194
132	0.19696969696969696	0.06372549019607843	0.0962962962962963
124	0.23387096774193547	0.07352941176470588	0.11188271604938273
moyennes 134.1000, 0.2037, 0.0674, 0.1012

proba init 0.3 proba clean 0.3 omega 0.5
130	0.0	0.0	0
130	0.0	0.0	0
134	0.0	0.0	0
113	0.0	0.0	0
131	0.0	0.0	0
136	0.0	0.0	0
126	0.0	0.0	0
134	0.0	0.0	0
148	0.0	0.0	0
149	0.0	0.0	0
148	0.0	0.0	0
150	0.0	0.0	0
122	0.0	0.0	0
139	0.0	0.0	0
142	0.0	0.0	0
130	0.0	0.0	0
147	0.0	0.0	0
117	0.0	0.0	0
132	0.0	0.0	0
124	0.0	0.0	0
moyennes 134.1000, 0.0000, 0.0000, 0.0000

proba init 0.3 proba clean 0.35 omega 0.2
116	0.20689655172413793	0.07352941176470588	0.10849909584086799
121	0.19834710743801653	0.06372549019607843	0.09646004019168342
127	0.18110236220472442	0.056372549019607844	0.08598130841121497
111	0.24324324324324326	0.0661764705882353	0.10404624277456649
111	0.2702702702702703	0.07107843137254902	0.11255579274209199
120	0.18333333333333332	0.058823529411764705	0.08906882591093118
122	0.1721311475409836	0.058823529411764705	0.08768267223382047
130	0.18461538461538463	0.061274509803921566	0.09201042784848949
129	0.24031007751937986	0.07352941176470588	0.11260443152924082
115	0.2	0.05392156862745098	0.08494208494208495
moyennes 120.2000, 0.2080, 0.0637, 0.0974

proba init 0.3 proba clean 0.35 omega 0.5
116	0.0	0.0	0
121	0.0	0.0	0
127	0.0	0.0	0
111	0.0	0.0	0
111	0.0	0.0	0
120	0.0	0.0	0
122	0.0	0.0	0
130	0.0	0.0	0
129	0.0	0.0	0
115	0.0	0.0	0
moyennes 120.2000, 0.0000, 0.0000, 0.0000

proba init 0.3 proba clean 0.4 omega 0.2
102	0.16666666666666666	0.04411764705882353	0.06976744186046512
98	0.1836734693877551	0.04411764705882353	0.07114624505928854
107	0.1588785046728972	0.041666666666666664	0.06601941747572815
107	0.22429906542056074	0.06862745098039216	0.10509852987175478
102	0.19607843137254902	0.051470588235294115	0.081537565521258
92	0.2391304347826087	0.058823529411764705	0.0944206008583691
100	0.2	0.05392156862745098	0.08494208494208495
116	0.1810344827586207	0.051470588235294115	0.08015267175572519
111	0.1981981981981982	0.056372549019607844	0.08777864515569433
108	0.18518518518518517	0.04656862745098039	0.07442224833529182
moyennes 104.3000, 0.1933, 0.0517, 0.0815

proba init 0.3 proba clean 0.4 omega 0.5
102	0.0	0.0	0
98	0.0	0.0	0
107	0.0	0.0	0
107	0.0	0.0	0
102	0.0	0.0	0
92	0.0	0.0	0
100	0.0	0.0	0
116	0.0	0.0	0
111	0.0	0.0	0
108	0.0	0.0	0
moyennes 104.3000, 0.0000, 0.0000, 0.0000

proba init 0.3 proba clean 0.45 omega 0.2
83	0.1686746987951807	0.03431372549019608	0.057026476578411416
101	0.19801980198019803	0.049019607843137254	0.07858546168958742
82	0.2073170731707317	0.049019607843137254	0.0792910447761194
108	0.18518518518518517	0.05392156862745098	0.08352315869400152
91	0.1978021978021978	0.04411764705882353	0.07214428857715431
92	0.17391304347826086	0.041666666666666664	0.06722689075630252
119	0.20168067226890757	0.06372549019607843	0.09684929380723266
92	0.1956521739130435	0.04656862745098039	0.07523097228332601
90	0.2222222222222222	0.049019607843137254	0.08032128514056225
98	0.23469387755102042	0.0661764705882353	0.10324189526184539
moyennes 95.6000, 0.1985, 0.0498, 0.0793

proba init 0.3 proba clean 0.45 omega 0.5
83	0.0	0.0	0
101	0.0	0.0	0
82	0.0	0.0	0
108	0.0	0.0	0
91	0.0	0.0	0
92	0.0	0.0	0
119	0.0	0.0	0
92	0.0	0.0	0
90	0.0	0.0	0
98	0.0	0.0	0
moyennes 95.6000, 0.0000, 0.0000, 0.0000

proba init 0.35 proba clean 0.05 omega 0.2
306	0.24836601307189543	0.18872549019607843	0.2144768187648891
292	0.2465753424657534	0.16666666666666666	0.1988950276243094
307	0.24104234527687296	0.16666666666666666	0.1970705725699068
270	0.24074074074074073	0.12990196078431374	0.168748469262797
307	0.23778501628664495	0.16176470588235295	0.1925428605682772
moyennes 296.4000, 0.2429, 0.1627, 0.1943

proba init 0.35 proba clean 0.05 omega 0.5
306	0.0	0.0	0
292	0.0	0.0	0
307	0.0	0.0	0
270	0.0	0.0	0
307	0.0	0.0	0
moyennes 296.4000, 0.0000, 0.0000, 0.0000

proba init 0.35 proba clean 0.1 omega 0.2
257	0.20622568093385213	0.13480392156862744	0.1630358790793926
274	0.19343065693430658	0.11519607843137254	0.1443974262361602
289	0.19377162629757785	0.1323529411764706	0.1572788266500234
267	0.20224719101123595	0.14215686274509803	0.16695985926755158
292	0.2054794520547945	0.14215686274509803	0.1680509947846243
moyennes 275.8000, 0.2002, 0.1333, 0.1599

proba init 0.35 proba clean 0.1 omega 0.5
257	0.0	0.0	0
274	0.0	0.0	0
289	0.0	0.0	0
267	0.0	0.0	0
292	0.0	0.0	0
moyennes 275.8000, 0.0000, 0.0000, 0.0000

proba init 0.35 proba clean 0.15 omega 0.2
227	0.21145374449339208	0.12254901960784313	0.15516906963212002
227	0.21585903083700442	0.11274509803921569	0.1481238088979431
214	0.22429906542056074	0.12745098039215685	0.16254232873144045
214	0.2383177570093458	0.12254901960784313	0.1618636536752571
205	0.1902439024390244	0.09068627450980392	0.12282419032216879
moyennes 217.4000, 0.2160, 0.1152, 0.1501

proba init 0.35 proba clean 0.15 omega 0.5
227	0.0	0.0	0
227	0.0	0.0	0
214	0.0	0.0	0
214	0.0	0.0	0
205	0.0	0.0	0
moyennes 217.4000, 0.0000, 0.0000, 0.0000

proba init 0.35 proba clean 0.2 omega 0.2
182	0.18681318681318682	0.09068627450980392	0.12210035911870327
196	0.20408163265306123	0.09803921568627451	0.13245033112582782
188	0.22340425531914893	0.1053921568627451	0.14321966693100713
179	0.19553072625698323	0.08333333333333333	0.11686143572621033
174	0.2471264367816092	0.10784313725490197	0.15015873015873016
moyennes 183.8000, 0.2114, 0.0971, 0.1330

proba init 0.35 proba clean 0.2 omega 0.5
182	0.0	0.0	0
196	0.0	0.0	0
188	0.0	0.0	0
179	0.0	0.0	0
174	0.0	0.0	0
moyennes 183.8000, 0.0000, 0.0000, 0.0000

proba init 0.35 proba clean 0.25 omega 0.2
149	0.19463087248322147	0.07107843137254902	0.10412926391382404
167	0.2155688622754491	0.0857843137254902	0.12272926508547216
152	0.23026315789473684	0.09068627450980392	0.13012459807073953
155	0.2129032258064516	0.0857843137254902	0.12229339827412777
151	0.17218543046357615	0.0661764705882353	0.09560776302349337
155	0.23870967741935484	0.08823529411764706	0.12884503772489844
161	0.18633540372670807	0.07107843137254902	0.10290377905257556
147	0.17006802721088435	0.061274509803921566	0.09009009009009009
155	0.22580645161290322	0.10049019607843138	0.13908408044584444
156	0.15384615384615385	0.0661764705882353	0.09254498714652956
moyennes 154.8000, 0.2000, 0.0787, 0.1128

proba init 0.35 proba clean 0.25 omega 0.5
149	0.0	0.0	0
167	0.0	0.0	0
152	0.0	0.0	0
155	0.0	0.0	0
151	0.0	0.0	0
155	0.0	0.0	0
161	0.0	0.0	0
147	0.0	0.0	0
155	0.0	0.0	0
156	0.0	0.0	0
moyennes 154.8000, 0.0000, 0.0000, 0.0000

proba init 0.35 proba clean 0.3 omega 0.2
128	0.15625	0.051470588235294115	0.07743362831858407
130	0.23076923076923078	0.0857843137254902	0.12507444907683146
122	0.13934426229508196	0.041666666666666664	0.06415094339622641
137	0.24817518248175183	0.09313725490196079	0.1354439668728378
134	0.1791044776119403	0.061274509803921566	0.09131030284583777
139	0.2014388489208633	0.07598039215686274	0.11034132079069471
120	0.24166666666666667	0.07352941176470588	0.11275272161741835
130	0.18461538461538463	0.058823529411764705	0.08921933085501858
120	0.21666666666666667	0.06372549019607843	0.09848484848484848
125	0.208	0.0661764705882353	0.1004076378459558
moyennes 128.5000, 0.2006, 0.0672, 0.1005

proba init 0.35 proba clean 0.3 omega 0.5
128	0.0	0.0	0
130	0.0	0.0	0
122	0.0	0.0	0
137	0.0	0.0	0
134	0.0	0.0	0
139	0.0	0.0	0
120	0.0	0.0	0
130	0.0	0.0	0
120	0.0	0.0	0
125	0.0	0.0	0
moyennes 128.5000, 0.0000, 0.0000, 0.0000

proba init 0.35 proba clean 0.35 omega 0.2
113	0.17699115044247787	0.051470588235294115	0.07974935915693535
127	0.1968503937007874	0.06372549019607843	0.09628203229151237
122	0.19672131147540983	0.061274509803921566	0.09344338888023672
112	0.24107142857142858	0.0661764705882353	0.10384615384615384
116	0.1724137931034483	0.051470588235294115	0.07927519818799547
124	0.18548387096774194	0.058823529411764705	0.08932038834951456
122	0.1885245901639344	0.058823529411764705	0.08966861598440545
125	0.192	0.0661764705882353	0.09842788790157211
123	0.1951219512195122	0.0661764705882353	0.09883321894303364
121	0.2066115702479339	0.0661764705882353	0.10024504343951882
119	0.21008403361344538	0.06862745098039216	0.10345846881466156
123	0.13821138211382114	0.041666666666666664	0.064030131826742
131	0.22137404580152673	0.08088235294117647	0.11847725162488393
118	0.211864406779661	0.06372549019607843	0.09798010250226108
127	0.2125984251968504	0.06862745098039216	0.10376063683777106
118	0.1864406779661017	0.056372549019607844	0.08656971770744226
113	0.19469026548672566	0.06372549019607843	0.09602148732583517
122	0.22131147540983606	0.07107843137254902	0.10759928541981584
120	0.225	0.07107843137254902	0.10802980132450331
121	0.2066115702479339	0.06862745098039216	0.10303208713570798
moyennes 120.8500, 0.1990, 0.0632, 0.0959

proba init 0.35 proba clean 0.35 omega 0.5
113	0.0	0.0	0
127	0.0	0.0	0
122	0.0	0.0	0
112	0.0	0.0	0
116	0.0	0.0	0
124	0.0	0.0	0
122	0.0	0.0	0
125	0.0	0.0	0
123	0.0	0.0	0
121	0.0	0.0	0
119	0.0	0.0	0
123	0.0	0.0	0
131	0.0	0.0	0
118	0.0	0.0	0
127	0.0	0.0	0
118	0.0	0.0	0
113	0.0	0.0	0
122	0.0	0.0	0
120	0.0	0.0	0
121	0.0	0.0	0
moyennes 120.8500, 0.0000, 0.0000, 0.0000

proba init 0.35 proba clean 0.4 omega 0.2
108	0.19444444444444445	0.056372549019607844	0.08740499457111835
104	0.21153846153846154	0.056372549019607844	0.08902181562280084
110	0.2	0.058823529411764705	0.0909090909090909
109	0.23853211009174313	0.061274509803921566	0.09750243756093903
94	0.2127659574468085	0.049019607843137254	0.07968127490039839
93	0.1935483870967742	0.04656862745098039	0.07507408626934475
98	0.16326530612244897	0.0392156862745098	0.06324110671936758
103	0.22330097087378642	0.056372549019607844	0.09001956947162426
113	0.20353982300884957	0.056372549019607844	0.08829174664107486
107	0.2616822429906542	0.08088235294117647	0.12357071213640924
moyennes 103.9000, 0.2103, 0.0561, 0.0885

proba init 0.35 proba clean 0.4 omega 0.5
108	0.0	0.0	0
104	0.0	0.0	0
110	0.0	0.0	0
109	0.0	0.0	0
94	0.0	0.0	0
93	0.0	0.0	0
98	0.0	0.0	0
103	0.0	0.0	0
113	0.0	0.0	0
107	0.0	0.0	0
moyennes 103.9000, 0.0000, 0.0000, 0.0000

proba init 0.35 proba clean 0.45 omega 0.2
100	0.2	0.05392156862745098	0.08494208494208495
98	0.16326530612244897	0.041666666666666664	0.06639004149377593
86	0.26744186046511625	0.058823529411764705	0.09643605870020965
97	0.18556701030927836	0.061274509803921566	0.09212816050772853
100	0.26	0.06372549019607843	0.10236220472440943
91	0.1978021978021978	0.051470588235294115	0.08168557536466774
93	0.12903225806451613	0.031862745098039214	0.05110565110565111
97	0.20618556701030927	0.051470588235294115	0.08237716975581053
95	0.2	0.04656862745098039	0.07554671968190854
88	0.19318181818181818	0.041666666666666664	0.0685483870967742
moyennes 94.5000, 0.2002, 0.0502, 0.0802

proba init 0.35 proba clean 0.45 omega 0.5
100	0.0	0.0	0
98	0.0	0.0	0
86	0.0	0.0	0
97	0.0	0.0	0
100	0.0	0.0	0
91	0.0	0.0	0
93	0.0	0.0	0
97	0.0	0.0	0
95	0.0	0.0	0
88	0.0	0.0	0
moyennes 94.5000, 0.0000, 0.0000, 0.0000

proba init 0.4 proba clean 0.05 omega 0.2
283	0.2226148409893993	0.14950980392156862	0.17888146717248118
260	0.23846153846153847	0.1568627450980392	0.18924074780618083
269	0.25650557620817843	0.15441176470588236	0.19277589303532228
281	0.2099644128113879	0.13970588235294118	0.16777669684950985
265	0.21509433962264152	0.14215686274509803	0.17118003417387254
moyennes 271.6000, 0.2285, 0.1485, 0.1800

proba init 0.4 proba clean 0.05 omega 0.5
283	0.0	0.0	0
260	0.0	0.0	0
269	0.0	0.0	0
281	0.0	0.0	0
265	0.0	0.0	0
moyennes 271.6000, 0.0000, 0.0000, 0.0000

proba init 0.4 proba clean 0.1 omega 0.2
269	0.24907063197026022	0.17401960784313725	0.20488855389253796
290	0.23448275862068965	0.15441176470588236	0.18620419872212804
275	0.23636363636363636	0.15196078431372548	0.18498967179251777
295	0.21694915254237288	0.14950980392156862	0.1770240551386401
289	0.20069204152249134	0.13480392156862744	0.1612780909527541
moyennes 283.6000, 0.2275, 0.1529, 0.1829

proba init 0.4 proba clean 0.1 omega 0.5
269	0.0	0.0	0
290	0.0	0.0	0
275	0.0	0.0	0
295	0.0	0.0	0
289	0.0	0.0	0
moyennes 283.6000, 0.0000, 0.0000, 0.0000

proba init 0.4 proba clean 0.15 omega 0.2
225	0.20444444444444446	0.11029411764705882	0.14328730142248985
233	0.1888412017167382	0.10294117647058823	0.13324680943110534
215	0.24186046511627907	0.11764705882352941	0.15829528158295283
217	0.23963133640552994	0.11274509803921569	0.1533431630232707
228	0.18421052631578946	0.11029411764705882	0.13797634691195795
moyennes 223.6000, 0.2118, 0.1108, 0.1452

proba init 0.4 proba clean 0.15 omega 0.5
225	0.0	0.0	0
233	0.0	0.0	0
215	0.0	0.0	0
217	0.0	0.0	0
228	0.0	0.0	0
moyennes 223.6000, 0.0000, 0.0000, 0.0000

proba init 0.4 proba clean 0.2 omega 0.2
191	0.18848167539267016	0.0784313725490196	0.11076923076923076
180	0.25	0.10049019607843138	0.14335664335664336
180	0.22777777777777777	0.1053921568627451	0.1441065881968285
169	0.17751479289940827	0.06862745098039216	0.09898656610888523
165	0.17575757575757575	0.07352941176470588	0.10368251698248124
moyennes 177.0000, 0.2039, 0.0853, 0.1202

proba init 0.4 proba clean 0.2 omega 0.5
191	0.0	0.0	0
180	0.0	0.0	0
180	0.0	0.0	0
169	0.0	0.0	0
165	0.0	0.0	0
moyennes 177.0000, 0.0000, 0.0000, 0.0000

proba init 0.4 proba clean 0.25 omega 0.2
146	0.1780821917808219	0.0661764705882353	0.09649484536082475
152	0.23026315789473684	0.0784313725490196	0.1170079398244881
157	0.1910828025477707	0.08088235294117647	0.11365593249526436
152	0.19078947368421054	0.08088235294117647	0.1136039886039886
157	0.1910828025477707	0.07352941176470588	0.10619469026548672
moyennes 152.8000, 0.1963, 0.0760, 0.1094

proba init 0.4 proba clean 0.25 omega 0.5
146	0.0	0.0	0
152	0.0	0.0	0
157	0.0	0.0	0
152	0.0	0.0	0
157	0.0	0.0	0
moyennes 152.8000, 0.0000, 0.0000, 0.0000

proba init 0.4 proba clean 0.3 omega 0.2
132	0.1893939393939394	0.07352941176470588	0.1059322033898305
132	0.1893939393939394	0.07107843137254902	0.1033646991730824
129	0.17829457364341086	0.06372549019607843	0.09389229078348249
130	0.24615384615384617	0.09068627450980392	0.13254225903951639
138	0.18840579710144928	0.06372549019607843	0.09523809523809523
moyennes 132.2000, 0.1983, 0.0725, 0.1062

proba init 0.4 proba clean 0.3 omega 0.5
132	0.0	0.0	0
132	0.0	0.0	0
129	0.0	0.0	0
130	0.0	0.0	0
138	0.0	0.0	0
moyennes 132.2000, 0.0000, 0.0000, 0.0000

proba init 0.4 proba clean 0.35 omega 0.2
122	0.19672131147540983	0.061274509803921566	0.09344338888023672
108	0.21296296296296297	0.061274509803921566	0.09516716319099636
129	0.20930232558139536	0.0661764705882353	0.1005586592178771
116	0.25862068965517243	0.08088235294117647	0.12322628827483198
119	0.15126050420168066	0.04411764705882353	0.0683111954459203
moyennes 118.8000, 0.2058, 0.0627, 0.0961

proba init 0.4 proba clean 0.35 omega 0.5
122	0.0	0.0	0
108	0.0	0.0	0
129	0.0	0.0	0
116	0.0	0.0	0
119	0.0	0.0	0
moyennes 118.8000, 0.0000, 0.0000, 0.0000

proba init 0.4 proba clean 0.4 omega 0.2
110	0.2	0.058823529411764705	0.0909090909090909
113	0.20353982300884957	0.061274509803921566	0.0941928085838316
107	0.16822429906542055	0.04411764705882353	0.06990291262135923
105	0.2	0.061274509803921566	0.09380863039399624
102	0.22549019607843138	0.056372549019607844	0.09019607843137255
106	0.22641509433962265	0.0661764705882353	0.10241820768136559
99	0.21212121212121213	0.051470588235294115	0.08284023668639053
98	0.19387755102040816	0.04656862745098039	0.07509881422924902
105	0.21904761904761905	0.058823529411764705	0.09274193548387095
110	0.21818181818181817	0.06372549019607843	0.09864053114132154
105	0.17142857142857143	0.04656862745098039	0.0732412463861227
115	0.17391304347826086	0.051470588235294115	0.07943262411347518
105	0.19047619047619047	0.05392156862745098	0.08404966571155684
98	0.20408163265306123	0.051470588235294115	0.08220786846741045
110	0.17272727272727273	0.04656862745098039	0.07335907335907335
moyennes 105.8667, 0.1986, 0.0546, 0.0855

proba init 0.4 proba clean 0.4 omega 0.5
110	0.0	0.0	0
113	0.0	0.0	0
107	0.0	0.0	0
105	0.0	0.0	0
102	0.0	0.0	0
106	0.0	0.0	0
99	0.0	0.0	0
98	0.0	0.0	0
105	0.0	0.0	0
110	0.0	0.0	0
105	0.0	0.0	0
115	0.0	0.0	0
105	0.0	0.0	0
98	0.0	0.0	0
110	0.0	0.0	0
moyennes 105.8667, 0.0000, 0.0000, 0.0000

proba init 0.4 proba clean 0.45 omega 0.2
102	0.18627450980392157	0.049019607843137254	0.07761437908496734
98	0.22448979591836735	0.056372549019607844	0.09011576135351737
96	0.16666666666666666	0.041666666666666664	0.06666666666666667
96	0.19791666666666666	0.049019607843137254	0.07857733664185278
91	0.21978021978021978	0.049019607843137254	0.08016032064128256
moyennes 96.6000, 0.1990, 0.0490, 0.0786

proba init 0.4 proba clean 0.45 omega 0.5
102	0.0	0.0	0
98	0.0	0.0	0
96	0.0	0.0	0
96	0.0	0.0	0
91	0.0	0.0	0
moyennes 96.6000, 0.0000, 0.0000, 0.0000

proba init 0.45 proba clean 0.05 omega 0.2
271	0.2177121771217712	0.13725490196078433	0.16836526701997553
254	0.2047244094488189	0.11274509803921569	0.14541033434650455
246	0.21138211382113822	0.14460784313725492	0.17173243772739996
247	0.21862348178137653	0.12745098039215685	0.16102764078449364
260	0.23076923076923078	0.14460784313725492	0.17780010045203418
moyennes 255.6000, 0.2166, 0.1333, 0.1649

proba init 0.45 proba clean 0.05 omega 0.5
271	0.0	0.0	0
254	0.0	0.0	0
246	0.0	0.0	0
247	0.0	0.0	0
260	0.0	0.0	0
moyennes 255.6000, 0.0000, 0.0000, 0.0000

proba init 0.45 proba clean 0.1 omega 0.2
269	0.21933085501858737	0.12745098039215685	0.1612191276931161
276	0.2391304347826087	0.14705882352941177	0.18211920529801326
273	0.2271062271062271	0.1642156862745098	0.19060729116479683
279	0.1863799283154122	0.1323529411764706	0.15478749793285929
285	0.21052631578947367	0.15196078431372548	0.17651245551601422
moyennes 276.4000, 0.2165, 0.1446, 0.1730

proba init 0.45 proba clean 0.1 omega 0.5
269	0.0	0.0	0
276	0.0	0.0	0
273	0.0	0.0	0
279	0.0	0.0	0
285	0.0	0.0	0
moyennes 276.4000, 0.0000, 0.0000, 0.0000

proba init 0.45 proba clean 0.15 omega 0.2
209	0.19617224880382775	0.09803921568627451	0.13073979591836735
220	0.22272727272727272	0.11029411764705882	0.14753111200321156
215	0.20465116279069767	0.09803921568627451	0.13257005122024706
222	0.1981981981981982	0.11274509803921569	0.14372958386592813
228	0.17105263157894737	0.09068627450980392	0.11853129620502711
moyennes 218.8000, 0.1986, 0.1020, 0.1346

proba init 0.45 proba clean 0.15 omega 0.5
209	0.0	0.0	0
220	0.0	0.0	0
215	0.0	0.0	0
222	0.0	0.0	0
228	0.0	0.0	0
moyennes 218.8000, 0.0000, 0.0000, 0.0000

proba init 0.45 proba clean 0.2 omega 0.2
173	0.2023121387283237	0.09068627450980392	0.12523572361104396
196	0.2193877551020408	0.1053921568627451	0.1423841059602649
205	0.2097560975609756	0.1053921568627451	0.1402936378466558
159	0.1949685534591195	0.08088235294117647	0.11433361274098912
171	0.22807017543859648	0.10294117647058823	0.14185502727981292
moyennes 180.8000, 0.2109, 0.0971, 0.1328

proba init 0.45 proba clean 0.2 omega 0.5
173	0.0	0.0	0
196	0.0	0.0	0
205	0.0	0.0	0
159	0.0	0.0	0
171	0.0	0.0	0
moyennes 180.8000, 0.0000, 0.0000, 0.0000

proba init 0.45 proba clean 0.25 omega 0.2
152	0.19736842105263158	0.08823529411764706	0.1219512195121951
139	0.17266187050359713	0.0661764705882353	0.09568106312292358
178	0.24719101123595505	0.11029411764705882	0.15253062167783685
151	0.16556291390728478	0.06372549019607843	0.09202888291094437
146	0.19863013698630136	0.07598039215686274	0.1099156376085096
moyennes 153.2000, 0.1963, 0.0809, 0.1144

proba init 0.45 proba clean 0.25 omega 0.5
152	0.0	0.0	0
139	0.0	0.0	0
178	0.0	0.0	0
151	0.0	0.0	0
146	0.0	0.0	0
moyennes 153.2000, 0.0000, 0.0000, 0.0000

proba init 0.45 proba clean 0.3 omega 0.2
138	0.2246376811594203	0.0784313725490196	0.11626816690107829
138	0.1956521739130435	0.061274509803921566	0.09332227291580257
134	0.2537313432835821	0.08333333333333333	0.12546125461254615
129	0.20930232558139536	0.06372549019607843	0.09770354906054278
134	0.2462686567164179	0.08333333333333333	0.12452830188679244
moyennes 134.6000, 0.2259, 0.0740, 0.1115

proba init 0.45 proba clean 0.3 omega 0.5
138	0.0	0.0	0
138	0.0	0.0	0
134	0.0	0.0	0
129	0.0	0.0	0
134	0.0	0.0	0
moyennes 134.6000, 0.0000, 0.0000, 0.0000

proba init 0.45 proba clean 0.35 omega 0.2
107	0.205607476635514	0.056372549019607844	0.08848474250240447
114	0.19298245614035087	0.05392156862745098	0.0842911877394636
117	0.21367521367521367	0.0661764705882353	0.10105546822366944
121	0.1652892561983471	0.056372549019607844	0.08407200950379239
112	0.17857142857142858	0.049019607843137254	0.07692307692307693
moyennes 114.2000, 0.1912, 0.0564, 0.0870

proba init 0.45 proba clean 0.35 omega 0.5
107	0.0	0.0	0
114	0.0	0.0	0
117	0.0	0.0	0
121	0.0	0.0	0
112	0.0	0.0	0
moyennes 114.2000, 0.0000, 0.0000, 0.0000

proba init 0.45 proba clean 0.4 omega 0.2
112	0.17857142857142858	0.049019607843137254	0.07692307692307693
109	0.1651376146788991	0.051470588235294115	0.07848022422921208
113	0.20353982300884957	0.06372549019607843	0.09706216523291675
103	0.22330097087378642	0.061274509803921566	0.09616188644535496
99	0.16161616161616163	0.0392156862745098	0.0631163708086785
moyennes 107.2000, 0.1864, 0.0529, 0.0823

proba init 0.45 proba clean 0.4 omega 0.5
112	0.0	0.0	0
109	0.0	0.0	0
113	0.0	0.0	0
103	0.0	0.0	0
99	0.0	0.0	0
moyennes 107.2000, 0.0000, 0.0000, 0.0000

proba init 0.45 proba clean 0.45 omega 0.2
115	0.23478260869565218	0.0661764705882353	0.10325047801147227
130	0.19230769230769232	0.0661764705882353	0.09846827133479212
111	0.2702702702702703	0.061274509803921566	0.09990009990009989
161	0.19254658385093168	0.07352941176470588	0.10641949879848954
113	0.22123893805309736	0.0661764705882353	0.10187910346388952
134	0.23134328358208955	0.06862745098039216	0.10585365853658539
97	0.18556701030927836	0.04656862745098039	0.07445303145749428
100	0.22	0.056372549019607844	0.08974813763746009
98	0.23469387755102042	0.06372549019607843	0.10023466309084812
95	0.22105263157894736	0.051470588235294115	0.0834990059642147
114	0.20175438596491227	0.056372549019607844	0.08812260536398468
102	0.23529411764705882	0.06372549019607843	0.10028929604628736
95	0.22105263157894736	0.05392156862745098	0.0866954400450366
108	0.21296296296296297	0.058823529411764705	0.09218436873747494
92	0.18478260869565216	0.049019607843137254	0.07748404740200546
95	0.18947368421052632	0.041666666666666664	0.0683111954459203
91	0.23076923076923078	0.05392156862745098	0.08741721854304636
97	0.21649484536082475	0.051470588235294115	0.08316831683168317
89	0.21348314606741572	0.04656862745098039	0.07645875251509053
92	0.18478260869565216	0.04411764705882353	0.0712290502793296
95	0.21052631578947367	0.05392156862745098	0.08585365853658536
moyennes 105.9048, 0.2145, 0.0568, 0.0896

proba init 0.45 proba clean 0.45 omega 0.5
115	0.0	0.0	0
130	0.0	0.0	0
111	0.0	0.0	0
161	0.0	0.0	0
113	0.0	0.0	0
134	0.0	0.0	0
97	0.0	0.0	0
100	0.0	0.0	0
98	0.0	0.0	0
95	0.0	0.0	0
114	0.0	0.0	0
102	0.0	0.0	0
95	0.0	0.0	0
108	0.0	0.0	0
92	0.0	0.0	0
95	0.0	0.0	0
91	0.0	0.0	0
97	0.0	0.0	0
89	0.0	0.0	0
92	0.0	0.0	0
95	0.0	0.0	0
moyennes 105.9048, 0.0000, 0.0000, 0.0000

proba init 0.5 proba clean 0.05 omega 0.2
232	0.23275862068965517	0.125	0.16265060240963858
263	0.18631178707224336	0.12254901960784313	0.1478486512582222
229	0.20087336244541484	0.10784313725490197	0.14034114547219528
226	0.168141592920354	0.0857843137254902	0.11360724352951226
267	0.1947565543071161	0.12990196078431374	0.15585149998586253
249	0.1927710843373494	0.11764705882352941	0.14611872146118723
308	0.18181818181818182	0.14460784313725492	0.16109215017064848
220	0.19545454545454546	0.10294117647058823	0.13485663082437274
253	0.2134387351778656	0.14215686274509803	0.17065329918814362
218	0.22935779816513763	0.11519607843137254	0.15336422371598252
moyennes 246.5000, 0.1996, 0.1194, 0.1486

proba init 0.5 proba clean 0.05 omega 0.5
232	0.0	0.0	0
263	0.0	0.0	0
229	0.0	0.0	0
226	0.0	0.0	0
267	0.0	0.0	0
249	0.0	0.0	0
308	0.0	0.0	0
220	0.0	0.0	0
253	0.0	0.0	0
218	0.0	0.0	0
moyennes 246.5000, 0.0000, 0.0000, 0.0000

proba init 0.5 proba clean 0.1 omega 0.2
284	0.19718309859154928	0.13480392156862744	0.16013309763959654
272	0.23161764705882354	0.13725490196078433	0.17236662106703146
254	0.21653543307086615	0.1323529411764706	0.16428808496515102
292	0.1917808219178082	0.14215686274509803	0.16328172129499297
265	0.21509433962264152	0.14460784313725492	0.172944897277005
moyennes 273.4000, 0.2104, 0.1382, 0.1666

proba init 0.5 proba clean 0.1 omega 0.5
284	0.0	0.0	0
272	0.0	0.0	0
254	0.0	0.0	0
292	0.0	0.0	0
265	0.0	0.0	0
moyennes 273.4000, 0.0000, 0.0000, 0.0000

proba init 0.5 proba clean 0.15 omega 0.2
217	0.21658986175115208	0.10784313725490197	0.14399108759225734
225	0.21333333333333335	0.12009803921568628	0.15368029011075177
224	0.24553571428571427	0.1323529411764706	0.1719944405837387
225	0.2	0.10784313725490197	0.14012738853503187
205	0.1902439024390244	0.0784313725490196	0.11107155571377715
moyennes 219.2000, 0.2131, 0.1093, 0.1442

proba init 0.5 proba clean 0.15 omega 0.5
217	0.0	0.0	0
225	0.0	0.0	0
224	0.0	0.0	0
225	0.0	0.0	0
205	0.0	0.0	0
moyennes 219.2000, 0.0000, 0.0000, 0.0000

proba init 0.5 proba clean 0.2 omega 0.2
185	0.1945945945945946	0.09068627450980392	0.1237170854037988
177	0.14124293785310735	0.056372549019607844	0.08058300049050522
193	0.23316062176165803	0.1053921568627451	0.145166735436438
186	0.1989247311827957	0.08823529411764706	0.12224669603524228
168	0.23214285714285715	0.1053921568627451	0.14496887966804978
moyennes 181.8000, 0.2000, 0.0892, 0.1233

proba init 0.5 proba clean 0.2 omega 0.5
185	0.0	0.0	0
177	0.0	0.0	0
193	0.0	0.0	0
186	0.0	0.0	0
168	0.0	0.0	0
moyennes 181.8000, 0.0000, 0.0000, 0.0000

proba init 0.5 proba clean 0.25 omega 0.2
158	0.13924050632911392	0.05392156862745098	0.07773851590106007
163	0.19631901840490798	0.08088235294117647	0.1145646867371847
158	0.1962025316455696	0.07598039215686274	0.10954063604240281
144	0.20833333333333334	0.07352941176470588	0.10869565217391305
144	0.2361111111111111	0.08333333333333333	0.12318840579710144
moyennes 153.4000, 0.1952, 0.0735, 0.1067

proba init 0.5 proba clean 0.25 omega 0.5
158	0.0	0.0	0
163	0.0	0.0	0
158	0.0	0.0	0
144	0.0	0.0	0
144	0.0	0.0	0
moyennes 153.4000, 0.0000, 0.0000, 0.0000

proba init 0.5 proba clean 0.3 omega 0.2
126	0.18253968253968253	0.06372549019607843	0.09447077409162717
138	0.1956521739130435	0.06372549019607843	0.0961380443714051
132	0.21212121212121213	0.07352941176470588	0.10920436817472699
136	0.21323529411764705	0.07352941176470588	0.10935143288084466
129	0.26356589147286824	0.09558823529411764	0.14029519123948578
moyennes 132.2000, 0.2134, 0.0740, 0.1099

proba init 0.5 proba clean 0.3 omega 0.5
126	0.0	0.0	0
138	0.0	0.0	0
132	0.0	0.0	0
136	0.0	0.0	0
129	0.0	0.0	0
moyennes 132.2000, 0.0000, 0.0000, 0.0000

proba init 0.5 proba clean 0.35 omega 0.2
122	0.20491803278688525	0.061274509803921566	0.09433962264150943
123	0.21138211382113822	0.0661764705882353	0.10079689855696748
112	0.20535714285714285	0.06372549019607843	0.09726740403383213
118	0.17796610169491525	0.056372549019607844	0.08562311646871122
116	0.1724137931034483	0.051470588235294115	0.07927519818799547
moyennes 118.2000, 0.1944, 0.0598, 0.0915

proba init 0.5 proba clean 0.35 omega 0.5
122	0.0	0.0	0
123	0.0	0.0	0
112	0.0	0.0	0
118	0.0	0.0	0
116	0.0	0.0	0
moyennes 118.2000, 0.0000, 0.0000, 0.0000

proba init 0.5 proba clean 0.4 omega 0.2
108	0.18518518518518517	0.051470588235294115	0.0805523590333717
107	0.1588785046728972	0.041666666666666664	0.06601941747572815
107	0.19626168224299065	0.05392156862745098	0.08459989013001282
111	0.22522522522522523	0.061274509803921566	0.09633911368015415
100	0.2	0.05392156862745098	0.08494208494208495
moyennes 106.6000, 0.1931, 0.0525, 0.0825

proba init 0.5 proba clean 0.4 omega 0.5
108	0.0	0.0	0
107	0.0	0.0	0
107	0.0	0.0	0
111	0.0	0.0	0
100	0.0	0.0	0
moyennes 106.6000, 0.0000, 0.0000, 0.0000

proba init 0.5 proba clean 0.45 omega 0.2
95	0.22105263157894736	0.05392156862745098	0.0866954400450366
97	0.17525773195876287	0.04411764705882353	0.07049067035245335
93	0.26881720430107525	0.05392156862745098	0.08982524906091785
92	0.1956521739130435	0.049019607843137254	0.07839721254355402
97	0.17525773195876287	0.041666666666666664	0.06732673267326733
moyennes 94.8000, 0.2072, 0.0485, 0.0785

proba init 0.5 proba clean 0.45 omega 0.5
95	0.0	0.0	0
97	0.0	0.0	0
93	0.0	0.0	0
92	0.0	0.0	0
97	0.0	0.0	0
moyennes 94.8000, 0.0000, 0.0000, 0.0000

proba init 0.5 proba clean 0.5 omega 0.2
97	0.2268041237113402	0.049019607843137254	0.08061561011359472
121	0.23140495867768596	0.056372549019607844	0.09065953403251918
92	0.29347826086956524	0.056372549019607844	0.09457812975936643
106	0.18867924528301888	0.04656862745098039	0.07470021623746806
136	0.19852941176470587	0.06372549019607843	0.09648158328752061
116	0.2413793103448276	0.058823529411764705	0.0945945945945946
92	0.20652173913043478	0.04411764705882353	0.07270408163265307
85	0.2	0.041666666666666664	0.06896551724137931
94	0.2127659574468085	0.051470588235294115	0.08288928359976316
83	0.21686746987951808	0.04656862745098039	0.07667301871987446
84	0.17857142857142858	0.04411764705882353	0.07075471698113209
90	0.2222222222222222	0.04656862745098039	0.07700101317122594
96	0.1875	0.04411764705882353	0.07142857142857142
88	0.19318181818181818	0.041666666666666664	0.0685483870967742
84	0.19047619047619047	0.0392156862745098	0.06504065040650406
90	0.17777777777777778	0.041666666666666664	0.06751054852320676
moyennes 97.1250, 0.2104, 0.0483, 0.0783

proba init 0.5 proba clean 0.5 omega 0.5
97	0.0	0.0	0
121	0.0	0.0	0
92	0.0	0.0	0
106	0.0	0.0	0
136	0.0	0.0	0
116	0.0	0.0	0
92	0.0	0.0	0
85	0.0	0.0	0
94	0.0	0.0	0
83	0.0	0.0	0
84	0.0	0.0	0
90	0.0	0.0	0
96	0.0	0.0	0
88	0.0	0.0	0
84	0.0	0.0	0
90	0.0	0.0	0
moyennes 97.1250, 0.0000, 0.0000, 0.0000

proba init 0.55 proba clean 0.05 omega 0.2
220	0.2318181818181818	0.11029411764705882	0.14947245017584992
208	0.21634615384615385	0.12009803921568628	0.1544550294200056
220	0.22727272727272727	0.12745098039215685	0.16331658291457282
222	0.22972972972972974	0.11519607843137254	0.1534472825043211
283	0.19434628975265017	0.13480392156862744	0.15918958031837913
moyennes 230.6000, 0.2199, 0.1216, 0.1560

proba init 0.55 proba clean 0.05 omega 0.5
220	0.0	0.0	0
208	0.0	0.0	0
220	0.0	0.0	0
222	0.0	0.0	0
283	0.0	0.0	0
moyennes 230.6000, 0.0000, 0.0000, 0.0000

proba init 0.55 proba clean 0.1 omega 0.2
246	0.23983739837398374	0.14215686274509803	0.17850808555033906
280	0.2714285714285714	0.17401960784313725	0.21207357333752552
279	0.17921146953405018	0.11764705882352941	0.14204545454545453
258	0.16666666666666666	0.11274509803921569	0.13450292397660818
275	0.21818181818181817	0.14705882352941177	0.17569546120058563
moyennes 267.6000, 0.2151, 0.1387, 0.1686

proba init 0.55 proba clean 0.1 omega 0.5
246	0.0	0.0	0
280	0.0	0.0	0
279	0.0	0.0	0
258	0.0	0.0	0
275	0.0	0.0	0
moyennes 267.6000, 0.0000, 0.0000, 0.0000

proba init 0.55 proba clean 0.15 omega 0.2
225	0.22666666666666666	0.125	0.1611374407582938
227	0.18502202643171806	0.09803921568627451	0.1281660054928288
240	0.20416666666666666	0.12254901960784313	0.15316329082270566
199	0.16080402010050251	0.0784313725490196	0.10543657331136738
224	0.20535714285714285	0.12009803921568628	0.15155997848305539
moyennes 223.0000, 0.1964, 0.1088, 0.1399

proba init 0.55 proba clean 0.15 omega 0.5
225	0.0	0.0	0
227	0.0	0.0	0
240	0.0	0.0	0
199	0.0	0.0	0
224	0.0	0.0	0
moyennes 223.0000, 0.0000, 0.0000, 0.0000

proba init 0.55 proba clean 0.2 omega 0.2
171	0.1871345029239766	0.08088235294117647	0.11294721642868603
169	0.20710059171597633	0.0784313725490196	0.11377488825680616
168	0.18452380952380953	0.07598039215686274	0.10763888888888888
180	0.2	0.0784313725490196	0.11267605633802816
171	0.21052631578947367	0.08088235294117647	0.11686586985391767
moyennes 171.8000, 0.1979, 0.0789, 0.1128

proba init 0.55 proba clean 0.2 omega 0.5
171	0.0	0.0	0
169	0.0	0.0	0
168	0.0	0.0	0
180	0.0	0.0	0
171	0.0	0.0	0
moyennes 171.8000, 0.0000, 0.0000, 0.0000

proba init 0.55 proba clean 0.25 omega 0.2
161	0.2422360248447205	0.09068627450980392	0.1319676254058256
160	0.21875	0.09068627450980392	0.1282178217821782
151	0.2119205298013245	0.0784313725490196	0.1144901610017889
159	0.1949685534591195	0.0784313725490196	0.11186287776274244
159	0.22641509433962265	0.09068627450980392	0.12950269797287445
moyennes 158.0000, 0.2189, 0.0858, 0.1232

proba init 0.55 proba clean 0.25 omega 0.5
161	0.0	0.0	0
160	0.0	0.0	0
151	0.0	0.0	0
159	0.0	0.0	0
159	0.0	0.0	0
moyennes 158.0000, 0.0000, 0.0000, 0.0000

proba init 0.55 proba clean 0.3 omega 0.2
135	0.21481481481481482	0.06862745098039216	0.10402254675890342
moyennes 135.0000, 0.2148, 0.0686, 0.1040

proba init 0.55 proba clean 0.3 omega 0.5
135	0.0	0.0	0
moyennes 135.0000, 0.0000, 0.0000, 0.0000

proba init 0.55 proba clean 0.55 omega 0.2
136	0.22058823529411764	0.07107843137254902	0.10751359367276322
79	0.17721518987341772	0.03431372549019608	0.05749486652977413
89	0.21348314606741572	0.049019607843137254	0.07973143096936634
79	0.13924050632911392	0.031862745098039214	0.05185856754306437
84	0.15476190476190477	0.031862745098039214	0.05284552845528455
87	0.19540229885057472	0.0392156862745098	0.06532180595581172
88	0.14772727272727273	0.031862745098039214	0.05241935483870968
93	0.20430107526881722	0.049019607843137254	0.07906783187682064
87	0.2413793103448276	0.051470588235294115	0.08484848484848484
81	0.2345679012345679	0.04656862745098039	0.07770961145194274
82	0.15853658536585366	0.03431372549019608	0.056416615003099815
moyennes 89.5455, 0.1897, 0.0428, 0.0696

proba init 0.55 proba clean 0.55 omega 0.5
136	0.0	0.0	0
79	0.0	0.0	0
89	0.0	0.0	0
79	0.0	0.0	0
84	0.0	0.0	0
87	0.0	0.0	0
88	0.0	0.0	0
93	0.0	0.0	0
87	0.0	0.0	0
81	0.0	0.0	0
82	0.0	0.0	0
moyennes 89.5455, 0.0000, 0.0000, 0.0000

proba init 0.6 proba clean 0.05 omega 0.2
203	0.21182266009852216	0.10784313725490197	0.14292189152439944
189	0.24338624338624337	0.11274509803921569	0.1541038525963149
277	0.19494584837545126	0.15196078431372548	0.17079018517573838
217	0.2119815668202765	0.11764705882352941	0.1513157894736842
193	0.21243523316062177	0.10294117647058823	0.13868084078279777
moyennes 215.8000, 0.2149, 0.1186, 0.1516

proba init 0.6 proba clean 0.05 omega 0.5
203	0.0	0.0	0
189	0.0	0.0	0
277	0.0	0.0	0
217	0.0	0.0	0
193	0.0	0.0	0
moyennes 215.8000, 0.0000, 0.0000, 0.0000

proba init 0.6 proba clean 0.1 omega 0.2
272	0.2536764705882353	0.15931372549019607	0.1957147844300925
272	0.2426470588235294	0.14460784313725492	0.18121742367833207
191	0.16753926701570682	0.07598039215686274	0.10454761026505768
265	0.2037735849056604	0.13970588235294118	0.1657646013409807
259	0.2471042471042471	0.14215686274509803	0.18048329848786893
moyennes 251.8000, 0.2229, 0.1324, 0.1655

proba init 0.6 proba clean 0.1 omega 0.5
272	0.0	0.0	0
272	0.0	0.0	0
191	0.0	0.0	0
265	0.0	0.0	0
259	0.0	0.0	0
moyennes 251.8000, 0.0000, 0.0000, 0.0000

proba init 0.6 proba clean 0.15 omega 0.2
217	0.19815668202764977	0.09803921568627451	0.13117754728492984
225	0.22666666666666666	0.12990196078431374	0.16515443130785448
201	0.208955223880597	0.09803921568627451	0.1334604385128694
212	0.17452830188679244	0.09558823529411764	0.12352336928608114
216	0.23148148148148148	0.1323529411764706	0.16841317365269462
moyennes 214.2000, 0.2080, 0.1108, 0.1443

proba init 0.6 proba clean 0.15 omega 0.5
217	0.0	0.0	0
225	0.0	0.0	0
201	0.0	0.0	0
212	0.0	0.0	0
216	0.0	0.0	0
moyennes 214.2000, 0.0000, 0.0000, 0.0000

proba init 0.6 proba clean 0.2 omega 0.2
176	0.20454545454545456	0.09803921568627451	0.1325478645066274
-1	-1	-1	-1
172	0.19186046511627908	0.07107843137254902	0.10372859310643834
168	0.20833333333333334	0.08823529411764706	0.12396694214876033
186	0.16666666666666666	0.08333333333333333	0.1111111111111111
moyennes 140.2000, -0.0457, -0.1319, -0.1057

proba init 0.6 proba clean 0.2 omega 0.5
176	0.0	0.0	0
-1	-1	-1	-1
172	0.0	0.0	0
168	0.0	0.0	0
186	0.0	0.0	0
moyennes 140.2000, -0.2000, -0.2000, -0.2000

proba init 0.6 proba clean 0.25 omega 0.2
154	0.18831168831168832	0.0661764705882353	0.0979362101313321
158	0.25949367088607594	0.1053921568627451	0.1499022191990477
154	0.19480519480519481	0.07352941176470588	0.10676156583629894
151	0.19205298013245034	0.0784313725490196	0.11137782045127219
145	0.19310344827586207	0.08088235294117647	0.11401073477697576
moyennes 152.4000, 0.2056, 0.0809, 0.1160

proba init 0.6 proba clean 0.25 omega 0.5
154	0.0	0.0	0
158	0.0	0.0	0
154	0.0	0.0	0
151	0.0	0.0	0
145	0.0	0.0	0
moyennes 152.4000, 0.0000, 0.0000, 0.0000

proba init 0.6 proba clean 0.3 omega 0.2
141	0.20567375886524822	0.0784313725490196	0.11355849241311795
126	0.1746031746031746	0.05392156862745098	0.08239700374531836
137	0.19708029197080293	0.07107843137254902	0.10447661618520247
126	0.20634920634920634	0.061274509803921566	0.09449047826719
136	0.2647058823529412	0.09068627450980392	0.13509127789046652
moyennes 133.2000, 0.2097, 0.0711, 0.1060

proba init 0.6 proba clean 0.3 omega 0.5
141	0.0	0.0	0
126	0.0	0.0	0
137	0.0	0.0	0
126	0.0	0.0	0
136	0.0	0.0	0
moyennes 133.2000, 0.0000, 0.0000, 0.0000

proba init 0.6 proba clean 0.35 omega 0.2
114	0.21052631578947367	0.056372549019607844	0.0889318511358144
123	0.23577235772357724	0.07352941176470588	0.11209895632006185
111	0.22522522522522523	0.06862745098039216	0.10519987977156599
-1	-1	-1	-1
108	0.2222222222222222	0.061274509803921566	0.09606147934678194
moyennes 91.0000, -0.0213, -0.1480, -0.1195

proba init 0.6 proba clean 0.35 omega 0.5
114	0.0	0.0	0
123	0.0	0.0	0
111	0.0	0.0	0
-1	-1	-1	-1
108	0.0	0.0	0
moyennes 91.0000, -0.2000, -0.2000, -0.2000

proba init 0.6 proba clean 0.4 omega 0.2
100	0.19	0.049019607843137254	0.07793273174733388
106	0.1792452830188679	0.051470588235294115	0.07997594708358388
115	0.1391304347826087	0.0392156862745098	0.06118546845124283
101	0.21782178217821782	0.05392156862745098	0.08644400785854617
111	0.23423423423423423	0.06372549019607843	0.1001926782273603
moyennes 106.6000, 0.1921, 0.0515, 0.0811

proba init 0.6 proba clean 0.4 omega 0.5
100	0.0	0.0	0
106	0.0	0.0	0
115	0.0	0.0	0
101	0.0	0.0	0
111	0.0	0.0	0
moyennes 106.6000, 0.0000, 0.0000, 0.0000

proba init 0.6 proba clean 0.45 omega 0.2
95	0.2	0.049019607843137254	0.07874015748031496
103	0.18446601941747573	0.049019607843137254	0.07745617611088462
101	0.18811881188118812	0.049019607843137254	0.07777322963569382
101	0.1782178217821782	0.049019607843137254	0.07689021785561725
103	0.1941747572815534	0.049019607843137254	0.07827788649706457
moyennes 100.6000, 0.1890, 0.0490, 0.0778

proba init 0.6 proba clean 0.45 omega 0.5
95	0.0	0.0	0
103	0.0	0.0	0
101	0.0	0.0	0
101	0.0	0.0	0
103	0.0	0.0	0
moyennes 100.6000, 0.0000, 0.0000, 0.0000

proba init 0.6 proba clean 0.5 omega 0.2
95	0.21052631578947367	0.051470588235294115	0.0827178729689808
87	0.19540229885057472	0.04411764705882353	0.07198306280875089
94	0.18085106382978725	0.04656862745098039	0.07406558128869525
88	0.2159090909090909	0.04656862745098039	0.07661290322580647
94	0.18085106382978725	0.04656862745098039	0.07406558128869525
moyennes 91.6000, 0.1967, 0.0471, 0.0759

proba init 0.6 proba clean 0.5 omega 0.5
95	0.0	0.0	0
87	0.0	0.0	0
94	0.0	0.0	0
88	0.0	0.0	0
94	0.0	0.0	0
moyennes 91.6000, 0.0000, 0.0000, 0.0000

proba init 0.6 proba clean 0.6 omega 0.2
98	0.25510204081632654	0.08088235294117647	0.12282268870031264
89	0.2247191011235955	0.051470588235294115	0.08375710439724798
77	0.18181818181818182	0.03431372549019608	0.05773195876288661
76	0.2236842105263158	0.04411764705882353	0.07369942196531794
80	0.2125	0.051470588235294115	0.08286908077994429
84	0.23809523809523808	0.056372549019607844	0.09116131589377724
81	0.24691358024691357	0.05392156862745098	0.08851337759002212
81	0.20987654320987653	0.04411764705882353	0.07290922087205146
87	0.1839080459770115	0.0392156862745098	0.06464646464646465
95	0.2631578947368421	0.06372549019607843	0.10260457774269928
83	0.1927710843373494	0.0392156862745098	0.06517311608961303
moyennes 84.6364, 0.2211, 0.0508, 0.0824

proba init 0.6 proba clean 0.6 omega 0.5
98	0.0	0.0	0
89	0.0	0.0	0
77	0.0	0.0	0
76	0.0	0.0	0
80	0.0	0.0	0
84	0.0	0.0	0
81	0.0	0.0	0
81	0.0	0.0	0
87	0.0	0.0	0
95	0.0	0.0	0
83	0.0	0.0	0
moyennes 84.6364, 0.0000, 0.0000, 0.0000

proba init 0.65 proba clean 0.05 omega 0.2
193	0.21243523316062177	0.09803921568627451	0.13416230366492146
174	0.16666666666666666	0.07352941176470588	0.10204081632653061
187	0.19786096256684493	0.09313725490196079	0.12665525628321775
194	0.18041237113402062	0.0857843137254902	0.11627906976744186
191	0.18324607329842932	0.09558823529411764	0.12563854756316442
moyennes 187.8000, 0.1881, 0.0892, 0.1210

proba init 0.65 proba clean 0.05 omega 0.5
193	0.0	0.0	0
174	0.0	0.0	0
187	0.0	0.0	0
194	0.0	0.0	0
191	0.0	0.0	0
moyennes 187.8000, 0.0000, 0.0000, 0.0000

proba init 0.65 proba clean 0.1 omega 0.2
282	0.20921985815602837	0.1323529411764706	0.16213740458015266
294	0.2108843537414966	0.14215686274509803	0.169830924718995
263	0.23954372623574144	0.14215686274509803	0.17842668099028275
264	0.2159090909090909	0.12009803921568628	0.15434350132625996
287	0.21951219512195122	0.15441176470588236	0.181294964028777
moyennes 278.0000, 0.2190, 0.1382, 0.1692

proba init 0.65 proba clean 0.1 omega 0.5
282	0.0	0.0	0
294	0.0	0.0	0
263	0.0	0.0	0
264	0.0	0.0	0
287	0.0	0.0	0
moyennes 278.0000, 0.0000, 0.0000, 0.0000

proba init 0.65 proba clean 0.15 omega 0.2
235	0.23829787234042554	0.12745098039215685	0.16607733546252992
217	0.1935483870967742	0.11764705882352941	0.14634146341463417
208	0.20673076923076922	0.10049019607843138	0.13524087143295488
220	0.21363636363636362	0.10784313725490197	0.14333240920432494
218	0.21100917431192662	0.11764705882352941	0.1510673234811166
moyennes 219.6000, 0.2126, 0.1142, 0.1484

proba init 0.65 proba clean 0.15 omega 0.5
235	0.0	0.0	0
217	0.0	0.0	0
208	0.0	0.0	0
220	0.0	0.0	0
218	0.0	0.0	0
moyennes 219.6000, 0.0000, 0.0000, 0.0000

proba init 0.65 proba clean 0.2 omega 0.2
186	0.24193548387096775	0.12009803921568628	0.16051539637475432
-1	-1	-1	-1
182	0.16483516483516483	0.0784313725490196	0.10628875110717449
171	0.19883040935672514	0.08088235294117647	0.11498847040737895
181	0.18232044198895028	0.08088235294117647	0.11205432937181664
moyennes 143.8000, -0.0424, -0.1279, -0.1012

proba init 0.65 proba clean 0.2 omega 0.5
186	0.0	0.0	0
-1	-1	-1	-1
182	0.0	0.0	0
171	0.0	0.0	0
181	0.0	0.0	0
moyennes 143.8000, -0.2000, -0.2000, -0.2000

proba init 0.65 proba clean 0.25 omega 0.2
168	0.17857142857142858	0.0857843137254902	0.11589403973509935
151	0.1986754966887417	0.07107843137254902	0.10469944039954268
140	0.15	0.056372549019607844	0.08194774346793349
148	0.20945945945945946	0.0784313725490196	0.1141279337321675
158	0.15822784810126583	0.06372549019607843	0.09085826111266423
moyennes 153.0000, 0.1790, 0.0711, 0.1015

proba init 0.65 proba clean 0.25 omega 0.5
168	0.0	0.0	0
151	0.0	0.0	0
140	0.0	0.0	0
148	0.0	0.0	0
158	0.0	0.0	0
moyennes 153.0000, 0.0000, 0.0000, 0.0000

proba init 0.65 proba clean 0.3 omega 0.2
123	0.22764227642276422	0.06862745098039216	0.10546139359698682
128	0.2109375	0.07107843137254902	0.106328082563824
125	0.152	0.04656862745098039	0.07129455909943715
136	0.22058823529411764	0.0661764705882353	0.10180995475113123
125	0.192	0.056372549019607844	0.0871556011683903
moyennes 127.4000, 0.2006, 0.0618, 0.0944

proba init 0.65 proba clean 0.3 omega 0.5
123	0.0	0.0	0
128	0.0	0.0	0
125	0.0	0.0	0
136	0.0	0.0	0
125	0.0	0.0	0
moyennes 127.4000, 0.0000, 0.0000, 0.0000

proba init 0.65 proba clean 0.35 omega 0.2
110	0.24545454545454545	0.07598039215686274	0.11604048246222098
119	0.17647058823529413	0.05392156862745098	0.0826032540675845
116	0.2413793103448276	0.07107843137254902	0.10981877197727888
-1	-1	-1	-1
moyennes 86.0000, -0.0842, -0.1998, -0.1729

proba init 0.65 proba clean 0.35 omega 0.5
110	0.0	0.0	0
119	0.0	0.0	0
116	0.0	0.0	0
-1	-1	-1	-1
moyennes 86.0000, -0.2500, -0.2500, -0.2500

proba init 0.65 proba clean 0.65 omega 0.2
91	0.24175824175824176	0.05392156862745098	0.08817635270541083
77	0.22077922077922077	0.04656862745098039	0.07691391832360996
69	0.17391304347826086	0.031862745098039214	0.05385810460901087
83	0.1927710843373494	0.0392156862745098	0.06517311608961303
97	0.20618556701030927	0.05392156862745098	0.08548669127647175
86	0.2441860465116279	0.06372549019607843	0.10107367641614216
78	0.2564102564102564	0.05392156862745098	0.08910490076954232
76	0.19736842105263158	0.03676470588235294	0.06198347107438017
80	0.225	0.049019607843137254	0.08050089445438283
82	0.24390243902439024	0.049019607843137254	0.08163265306122448
83	0.2289156626506024	0.049019607843137254	0.08074798130046748
moyennes 82.0000, 0.2210, 0.0479, 0.0786

proba init 0.65 proba clean 0.65 omega 0.5
91	0.0	0.0	0
77	0.0	0.0	0
69	0.0	0.0	0
83	0.0	0.0	0
97	0.0	0.0	0
86	0.0	0.0	0
78	0.0	0.0	0
76	0.0	0.0	0
80	0.0	0.0	0
82	0.0	0.0	0
83	0.0	0.0	0
moyennes 82.0000, 0.0000, 0.0000, 0.0000

proba init 0.7 proba clean 0.7 omega 0.2
96	0.23958333333333334	0.056372549019607844	0.09126984126984128
74	0.21621621621621623	0.0392156862745098	0.06639004149377595
81	0.2222222222222222	0.04656862745098039	0.07700101317122594
67	0.1791044776119403	0.029411764705882353	0.05052631578947368
71	0.22535211267605634	0.04411764705882353	0.07378939277478863
72	0.2222222222222222	0.0392156862745098	0.06666666666666667
71	0.23943661971830985	0.04411764705882353	0.07450693937180425
73	0.2054794520547945	0.0392156862745098	0.06586169045005488
68	0.25	0.04411764705882353	0.075
75	0.18666666666666668	0.03676470588235294	0.0614304519526108
72	0.19444444444444445	0.03676470588235294	0.061837455830388695
moyennes 74.5455, 0.2164, 0.0414, 0.0695

proba init 0.7 proba clean 0.7 omega 0.5
96	0.0	0.0	0
74	0.0	0.0	0
81	0.0	0.0	0
67	0.0	0.0	0
71	0.0	0.0	0
72	0.0	0.0	0
71	0.0	0.0	0
73	0.0	0.0	0
68	0.0	0.0	0
75	0.0	0.0	0
72	0.0	0.0	0
moyennes 74.5455, 0.0000, 0.0000, 0.0000

proba init 0.75 proba clean 0.75 omega 0.2
81	0.18518518518518517	0.03676470588235294	0.06134969325153374
70	0.21428571428571427	0.0392156862745098	0.06629834254143646
74	0.21621621621621623	0.041666666666666664	0.06986899563318777
82	0.23170731707317074	0.049019607843137254	0.08091993185689948
65	0.2153846153846154	0.03431372549019608	0.059196617336152224
72	0.2222222222222222	0.041666666666666664	0.07017543859649122
69	0.21739130434782608	0.03676470588235294	0.06289308176100629
69	0.2318840579710145	0.041666666666666664	0.0706401766004415
74	0.17567567567567569	0.03431372549019608	0.05741324921135647
59	0.2033898305084746	0.029411764705882353	0.05139186295503212
65	0.23076923076923078	0.0392156862745098	0.0670391061452514
moyennes 70.9091, 0.2131, 0.0385, 0.0652

proba init 0.75 proba clean 0.75 omega 0.5
81	0.0	0.0	0
70	0.0	0.0	0
74	0.0	0.0	0
82	0.0	0.0	0
65	0.0	0.0	0
72	0.0	0.0	0
69	0.0	0.0	0
69	0.0	0.0	0
74	0.0	0.0	0
59	0.0	0.0	0
65	0.0	0.0	0
moyennes 70.9091, 0.0000, 0.0000, 0.0000

proba init 0.8 proba clean 0.8 omega 0.2
82	0.1951219512195122	0.041666666666666664	0.06866952789699571
64	0.3125	0.051470588235294115	0.08838383838383838
70	0.2	0.03431372549019608	0.05857740585774059
72	0.20833333333333334	0.03676470588235294	0.0625
63	0.20634920634920634	0.031862745098039214	0.055201698513800426
66	0.24242424242424243	0.041666666666666664	0.0711111111111111
68	0.2647058823529412	0.04411764705882353	0.07563025210084033
76	0.21052631578947367	0.04411764705882353	0.0729483282674772
66	0.2727272727272727	0.04411764705882353	0.0759493670886076
70	0.2	0.03676470588235294	0.062111801242236024
67	0.1791044776119403	0.029411764705882353	0.05052631578947368
moyennes 69.4545, 0.2265, 0.0397, 0.0674

proba init 0.8 proba clean 0.8 omega 0.5
82	0.0	0.0	0
64	0.0	0.0	0
70	0.0	0.0	0
72	0.0	0.0	0
63	0.0	0.0	0
66	0.0	0.0	0
68	0.0	0.0	0
76	0.0	0.0	0
66	0.0	0.0	0
70	0.0	0.0	0
67	0.0	0.0	0
moyennes 69.4545, 0.0000, 0.0000, 0.0000

proba init 0.85 proba clean 0.85 omega 0.2
69	0.21739130434782608	0.0392156862745098	0.0664451827242525
66	0.19696969696969696	0.031862745098039214	0.05485232067510548
67	0.2537313432835821	0.04411764705882353	0.07516580692704496
60	0.2	0.029411764705882353	0.05128205128205128
69	0.2318840579710145	0.0392156862745098	0.06708595387840671
58	0.20689655172413793	0.029411764705882353	0.05150214592274678
62	0.22580645161290322	0.03431372549019608	0.059574468085106386
61	0.26229508196721313	0.0392156862745098	0.06823027718550106
71	0.2535211267605634	0.04656862745098039	0.07868399861957898
68	0.23529411764705882	0.0392156862745098	0.06722689075630252
59	0.23728813559322035	0.03676470588235294	0.06366530241018645
moyennes 64.5455, 0.2292, 0.0372, 0.0640

proba init 0.85 proba clean 0.85 omega 0.5
69	0.0	0.0	0
66	0.0	0.0	0
67	0.0	0.0	0
60	0.0	0.0	0
69	0.0	0.0	0
58	0.0	0.0	0
62	0.0	0.0	0
61	0.0	0.0	0
71	0.0	0.0	0
68	0.0	0.0	0
59	0.0	0.0	0
moyennes 64.5455, 0.0000, 0.0000, 0.0000

proba init 0.9 proba clean 0.9 omega 0.2
75	0.22666666666666666	0.041666666666666664	0.07039337474120082
69	0.18840579710144928	0.031862745098039214	0.05450733752620544
63	0.2222222222222222	0.03431372549019608	0.059447983014862
67	0.2835820895522388	0.04656862745098039	0.08
66	0.22727272727272727	0.0392156862745098	0.06688963210702342
66	0.24242424242424243	0.0392156862745098	0.06751054852320676
59	0.2542372881355932	0.03676470588235294	0.06423982869379016
62	0.25806451612903225	0.041666666666666664	0.0717488789237668
63	0.2222222222222222	0.03431372549019608	0.059447983014862
63	0.20634920634920634	0.031862745098039214	0.055201698513800426
62	0.22580645161290322	0.03431372549019608	0.059574468085106386
moyennes 65.0000, 0.2325, 0.0374, 0.0645

proba init 0.9 proba clean 0.9 omega 0.5
75	0.0	0.0	0
69	0.0	0.0	0
63	0.0	0.0	0
67	0.0	0.0	0
66	0.0	0.0	0
66	0.0	0.0	0
59	0.0	0.0	0
62	0.0	0.0	0
63	0.0	0.0	0
63	0.0	0.0	0
62	0.0	0.0	0
moyennes 65.0000, 0.0000, 0.0000, 0.0000

proba init 0.95 proba clean 0.95 omega 0.2
64	0.234375	0.0392156862745098	0.06718924972004481
60	0.23333333333333334	0.03431372549019608	0.05982905982905984
61	0.2459016393442623	0.03676470588235294	0.06396588486140727
60	0.21666666666666667	0.031862745098039214	0.05555555555555555
59	0.23728813559322035	0.03431372549019608	0.059957173447537475
63	0.20634920634920634	0.031862745098039214	0.055201698513800426
64	0.21875	0.03431372549019608	0.05932203389830509
58	0.22413793103448276	0.031862745098039214	0.05579399141630901
59	0.23728813559322035	0.03431372549019608	0.059957173447537475
64	0.1875	0.029411764705882353	0.05084745762711864
59	0.23728813559322035	0.03676470588235294	0.06366530241018645
moyennes 61.0000, 0.2254, 0.0341, 0.0592

proba init 0.95 proba clean 0.95 omega 0.5
64	0.0	0.0	0
60	0.0	0.0	0
61	0.0	0.0	0
60	0.0	0.0	0
59	0.0	0.0	0
63	0.0	0.0	0
64	0.0	0.0	0
58	0.0	0.0	0
59	0.0	0.0	0
64	0.0	0.0	0
59	0.0	0.0	0
moyennes 61.0000, 0.0000, 0.0000, 0.0000

proba init 1.0 proba clean 1.0 omega 0.2
81	0.18518518518518517	0.03676470588235294	0.06134969325153374
55	0.23636363636363636	0.031862745098039214	0.056155507559395246
55	0.2545454545454545	0.03676470588235294	0.06424965580541533
54	0.16666666666666666	0.022058823529411766	0.03896103896103896
58	0.22413793103448276	0.031862745098039214	0.05579399141630901
59	0.22033898305084745	0.031862745098039214	0.0556745182012848
56	0.26785714285714285	0.0392156862745098	0.06841505131128847
56	0.25	0.03431372549019608	0.060344827586206906
56	0.25	0.03676470588235294	0.06410256410256411
57	0.24561403508771928	0.03676470588235294	0.06395614435815442
55	0.2	0.02696078431372549	0.047516198704103674
moyennes 58.3636, 0.2273, 0.0332, 0.0579

proba init 1.0 proba clean 1.0 omega 0.5
81	0.0	0.0	0
55	0.0	0.0	0
55	0.0	0.0	0
54	0.0	0.0	0
58	0.0	0.0	0
59	0.0	0.0	0
56	0.0	0.0	0
56	0.0	0.0	0
56	0.0	0.0	0
57	0.0	0.0	0
55	0.0	0.0	0
moyennes 58.3636, 0.0000, 0.0000, 0.0000

